863 1188
165 606
208 625
168 643
224 15
840 236
759 609
690 219
363 150
698 31
484 346
583 725
111 201
214 97
24 554
423 297
438 195
809 493
311 77
637 648
503 10
665 767
761 734
86 762
639 368
531 271
822 357
239 65
516 151
395 724
120 439
761 687
40 465
321 290
793 522
687 630
546 137
561 787
57 659
148 23
759 265
127 460
136 286
169 304
129 295
117 678
279 294
750 614
446 664
376 767
753 111
386 263
563 191
78 226
40 855
502 374
382 84
151 758
257 334
776 606
60 131
207 737
749 582
307 688
424 168
134 141
348 525
627 759
512 800
119 621
857 662
90 121
683 816
731 2
769 569
700 253
844 121
445 404
443 258
3 11
274 612
777 702
647 438
838 59
231 708
65 342
252 435
428 648
388 743
170 318
283 117
639 622
625 359
759 641
545 431
302 93
338 7
777 829
615 253
609 9
396 747
55 330
556 93
57 8
375 665
524 118
433 68
288 412
774 329
353 411
383 712
117 181
769 300
4 88
723 103
268 775
674 798
228 273
662 357
217 345
248 281
423 275
304 475
318 575
487 74
520 273
753 45
397 639
11 268
483 859
364 67
1 281
764 755
686 778
224 13
346 491
461 425
151 145
250 611
91 299
781 361
321 623
544 486
129 392
751 392
611 211
181 720
481 490
657 176
446 91
384 362
16 715
686 426
542 495
850 809
754 729
205 185
749 356
326 63
396 687
763 861
157 430
850 262
186 713
138 672
8 721
176 856
580 863
338 350
46 215
202 668
649 764
370 746
657 466
785 795
51 742
757 97
311 420
578 734
804 177
372 382
691 344
509 481
378 622
277 31
422 657
178 187
95 642
770 130
653 574
400 845
243 454
166 467
74 255
350 623
185 308
171 557
850 525
717 51
377 262
700 860
9 169
282 549
361 331
37 636
197 663
332 777
306 161
585 698
178 121
24 773
370 619
512 531
112 253
428 742
544 839
246 128
574 223
225 294
827 578
133 291
164 638
65 597
671 487
320 751
809 77
723 624
236 167
329 86
151 702
385 626
581 52
855 251
134 510
600 693
497 593
853 639
674 29
624 42
674 146
500 757
328 837
2 853
178 686
359 312
361 40
826 37
80 608
824 13
250 719
175 99
804 609
373 696
785 389
512 40
851 860
151 10
323 303
541 42
673 475
686 632
685 400
723 805
711 691
27 746
558 570
198 471
524 638
623 466
674 233
171 632
598 764
314 749
723 724
212 847
234 841
678 718
428 226
614 393
774 583
201 289
278 55
550 815
416 749
589 419
284 194
584 307
260 121
142 405
290 674
548 863
119 749
361 454
388 670
601 188
157 796
336 464
23 113
470 825
615 20
439 66
529 607
319 795
385 467
460 382
721 759
594 127
109 34
10 220
17 271
838 787
252 117
660 599
261 767
76 353
685 119
613 825
351 691
210 142
493 346
199 498
189 453
88 281
316 566
54 754
789 389
614 458
770 776
84 271
84 48
790 63
588 54
810 809
252 408
368 465
718 203
136 739
331 411
77 216
587 130
834 67
558 242
451 843
531 598
322 516
803 784
652 682
259 26
833 779
364 630
666 729
480 826
84 666
460 443
93 520
486 774
698 471
822 273
841 837
474 643
478 317
660 750
861 534
542 220
707 747
436 806
442 239
615 219
28 589
756 178
491 258
491 486
398 768
377 842
599 318
435 529
496 581
593 371
152 350
726 220
647 422
492 390
566 819
721 821
280 450
508 653
803 615
67 410
365 631
815 364
162 198
502 182
322 127
173 441
820 351
441 447
320 295
406 687
425 74
795 687
87 263
398 707
614 652
435 486
651 345
477 365
463 783
587 624
236 366
303 578
157 286
25 371
368 733
623 150
829 491
335 660
170 217
392 448
282 336
180 719
99 757
548 107
722 586
373 308
824 712
832 789
847 322
466 239
318 482
545 849
629 227
144 598
706 246
153 233
543 386
108 16
481 358
560 659
859 41
750 247
277 444
493 212
134 68
495 349
221 159
795 507
635 181
858 694
221 320
400 603
222 171
275 578
762 683
63 247
225 28
212 517
697 94
191 689
765 197
736 346
91 721
599 147
145 104
267 849
556 513
79 258
393 61
602 567
244 546
141 548
673 315
468 350
77 422
342 699
491 666
5 303
568 172
768 73
452 482
77 84
459 665
548 702
5 457
703 294
550 114
55 682
85 857
706 479
599 662
674 331
233 604
95 527
63 603
105 752
836 652
320 767
93 387
546 847
799 387
684 855
527 197
164 543
126 365
2 668
689 245
202 136
728 616
33 495
862 686
118 443
745 136
208 797
22 133
405 259
157 598
813 81
361 150
151 378
24 652
583 592
284 691
104 356
59 27
40 524
356 741
497 701
391 647
663 98
828 616
206 507
688 857
505 443
743 176
543 570
738 606
712 604
847 211
664 590
801 705
351 266
630 185
270 415
298 160
454 861
249 438
79 820
142 356
483 810
585 758
366 661
863 186
24 612
83 857
838 759
56 322
263 721
465 566
572 455
754 478
30 408
5 35
61 497
719 86
515 345
607 296
226 450
551 300
758 140
856 59
444 348
419 43
804 315
338 615
573 833
80 379
18 118
591 8
757 304
395 695
168 731
157 651
449 382
99 789
367 696
133 208
293 199
250 663
776 22
249 56
854 186
37 723
692 349
128 774
409 576
17 547
57 526
818 65
670 30
480 297
807 587
582 826
81 526
588 387
701 91
521 26
605 348
21 47
49 244
150 397
61 371
418 232
789 338
411 57
421 210
756 286
826 354
27 359
716 688
467 620
47 423
539 766
11 664
602 326
119 184
219 733
757 852
86 468
660 171
30 79
576 26
94 494
690 92
31 462
344 28
228 654
515 62
536 98
458 751
81 758
152 791
510 244
450 655
261 378
343 454
295 552
367 687
759 562
750 86
497 530
70 83
590 529
755 86
648 471
64 142
694 332
556 339
376 281
59 408
326 2
80 218
435 45
859 770
227 4
85 716
88 415
758 158
416 737
756 442
263 559
653 493
482 530
624 222
199 390
430 862
223 80
46 193
57 588
93 386
106 15
628 842
662 105
562 200
101 538
384 567
706 207
462 692
93 47
440 117
673 847
174 195
515 483
545 406
67 483
78 711
305 715
91 726
299 209
621 850
710 557
334 35
55 688
560 732
455 296
380 190
616 271
612 416
804 330
542 673
71 437
49 553
256 655
258 114
313 129
40 144
549 271
135 588
769 377
293 591
705 166
660 115
859 383
278 447
816 387
504 351
64 316
573 38
671 198
642 262
743 384
735 578
193 492
485 230
639 371
426 602
793 332
203 573
412 687
43 667
311 699
723 640
772 223
233 147
810 701
227 165
224 598
507 457
719 344
124 382
668 61
265 35
815 234
834 564
670 726
488 232
691 739
409 207
761 853
85 396
56 704
508 174
282 152
549 266
200 727
703 36
824 38
74 653
231 717
429 320
778 185
178 263
232 243
562 499
23 367
41 197
455 171
479 606
712 581
125 59
153 683
626 463
66 668
818 259
328 652
72 22
836 322
82 859
66 116
658 561
356 158
156 643
426 327
199 357
118 804
539 235
523 127
369 378
464 302
591 266
163 507
483 462
78 54
627 493
628 90
91 26
218 465
780 782
631 859
387 407
107 546
216 421
139 191
631 366
738 482
214 552
507 69
76 349
774 26
545 222
252 71
538 786
118 499
221 252
741 343
626 144
184 315
495 76
117 355
828 418
169 499
472 568
381 483
495 474
92 526
310 148
688 728
321 478
397 757
640 86
193 536
625 390
603 105
7 859
787 59
646 149
106 684
288 593
137 720
190 682
763 356
427 117
624 1
314 147
754 148
386 304
700 607
431 824
282 148
227 407
237 262
217 6
798 273
383 678
467 193
388 525
526 76
851 34
53 639
459 532
17 813
634 499
648 506
116 113
220 632
135 756
778 296
372 46
25 709
615 838
720 770
191 347
22 167
744 801
408 822
114 40
856 285
269 308
787 357
453 572
748 451
793 660
703 252
680 750
738 541
338 483
535 127
477 243
812 698
234 300
98 513
283 330
181 445
539 740
131 735
66 719
73 578
487 413
400 466
538 341
301 847
780 267
785 157
504 27
60 118
130 513
346 584
445 598
805 662
809 624
581 602
485 373
190 484
318 534
478 295
713 857
855 547
115 432
694 52
148 87
819 489
385 55
655 48
693 770
427 90
81 692
253 438
523 762
61 66
109 381
729 404
803 856
480 489
833 317
267 748
358 531
50 195
863 212
129 46
454 86
16 637
626 612
229 371
176 65
502 162
80 149
532 19
314 391
665 3
407 245
793 616
432 49
159 765
603 142
706 777
332 231
414 215
728 345
309 54
579 169
68 840
691 611
841 219
836 667
465 406
675 612
412 308
781 768
438 648
436 621
459 682
758 2
351 306
95 679
759 11
833 465
508 99
562 762
395 448
245 159
384 167
275 662
48 453
342 810
535 216
115 478
682 95
541 636
472 619
140 465
591 130
102 436
705 109
819 862
500 480
506 767
127 635
767 54
266 782
216 813
380 435
543 194
546 610
362 535
380 716
410 595
642 565
234 372
318 123
693 695
501 731
517 529
486 586
428 167
708 27
737 239
378 287
484 471
735 509
451 294
198 822
854 331
546 120
332 823
340 688
400 593
288 406
596 215
306 44
654 499
119 728
453 167
460 744
754 410
449 82
114 573
256 48
135 376
59 677
853 38
734 799
27 604
762 722
631 467
493 12
526 786
172 33
592 703
340 181
213 161
152 496
656 2
832 396
362 775
421 511
830 511
96 661
90 13
63 192
425 441
393 244
213 110
289 438
813 785
4 754
350 201
528 555
732 194
269 636
690 838
537 468
265 372
114 703
287 184
376 139
750 2
498 321
576 206
332 431
202 126
131 483
216 92
301 561
44 218
754 278
561 127
333 604
520 360
65 329
178 355
490 726
322 356
575 33
89 714
574 267
95 445
152 413
613 688
3 621
713 66
339 50
386 618
143 284
603 71
534 489
79 189
812 186
589 276
850 382
33 74
413 769
550 690
214 87
568 343
257 492
697 127
494 755
759 520
504 155
820 485
778 339
852 446
301 658
122 34
190 395
427 552
680 435
361 76
704 670
534 715
246 10
133 738
50 353
833 441
459 624
418 567
857 301
107 254
649 244
24 718
31 499
710 415
474 835
832 34
842 184
637 689
319 589
138 724
100 99
645 731
459 466
143 81
748 552
516 455
484 407
365 248
586 810
810 464
204 583
89 435
512 786
213 675
534 860
685 788
454 730
482 859
89 683
340 502
507 344
498 123
55 46
485 216
117 862
113 99
68 697
285 368
468 402
705 362
85 531
282 285
613 67
