993 2922
395 106
783 632
200 2
806 230
666 374
43 444
596 574
712 957
968 7
452 248
716 925
646 197
614 942
817 482
544 64
636 958
268 320
453 135
416 706
975 6
477 311
724 329
657 112
518 274
77 578
961 794
871 198
513 260
264 891
815 293
690 660
452 810
80 477
365 241
666 567
646 188
228 648
584 254
757 466
227 197
219 975
186 297
538 828
316 450
377 212
623 37
440 639
129 991
77 897
813 812
546 558
408 221
465 476
289 878
101 180
888 898
173 233
305 49
733 465
19 979
866 754
957 553
482 277
174 376
103 644
841 976
845 520
811 847
395 125
304 362
11 391
303 150
696 50
607 371
649 663
264 873
156 271
177 150
674 204
697 717
53 177
128 163
331 653
868 106
881 939
909 761
640 371
76 69
60 397
669 397
373 112
857 597
526 468
547 314
412 524
721 393
309 562
819 507
270 806
346 5
17 760
921 399
790 510
853 109
672 727
820 752
512 673
637 385
558 906
714 449
625 343
440 160
151 626
905 122
407 915
961 696
104 952
106 17
574 541
478 984
482 406
156 494
212 755
910 515
417 331
492 35
828 114
350 129
137 596
122 224
209 631
18 282
275 783
413 775
424 402
758 870
887 347
652 183
587 752
127 797
534 183
296 673
711 296
333 612
669 415
762 476
390 267
913 408
280 266
228 64
571 632
294 223
37 268
593 705
886 645
706 480
85 426
398 457
220 249
992 770
376 768
764 80
106 551
105 565
953 332
954 322
714 322
914 439
89 554
829 850
41 756
409 744
650 103
335 387
726 911
329 555
273 470
590 832
256 895
973 734
523 332
415 573
605 338
915 563
293 843
737 986
942 123
891 810
841 100
930 488
272 750
516 897
630 512
208 236
830 923
800 945
873 238
740 458
380 637
113 673
114 250
422 259
258 800
689 630
119 335
784 846
625 420
843 493
527 252
4 252
690 24
529 737
643 479
557 711
151 545
959 440
989 597
259 888
28 45
271 248
331 488
189 660
946 530
464 125
887 727
729 301
768 528
698 849
550 982
312 193
261 170
135 20
449 376
924 43
472 519
900 154
219 175
932 815
115 571
85 199
498 688
464 411
357 21
674 226
417 669
507 578
643 452
221 773
94 102
901 457
703 125
562 217
780 96
106 528
490 755
573 12
95 344
852 197
941 841
964 289
285 933
623 854
790 375
133 934
297 885
86 307
255 781
44 508
260 705
61 557
621 652
253 477
277 130
101 309
483 31
339 770
460 275
217 564
713 415
916 657
705 834
850 800
706 61
482 691
391 730
914 868
937 700
555 381
849 962
208 96
759 32
816 879
122 746
178 853
329 908
74 258
398 683
644 711
204 897
73 29
186 401
495 393
577 669
190 583
506 367
951 479
536 391
23 515
611 256
276 130
63 527
835 456
841 350
159 567
522 912
451 485
504 934
207 177
154 920
948 400
433 521
304 405
752 297
643 983
643 97
455 376
37 877
333 134
705 101
176 698
528 431
378 560
701 209
939 580
246 182
470 848
933 46
917 937
174 521
293 419
488 922
13 64
190 831
36 935
917 538
990 160
901 267
309 866
597 215
325 740
671 90
581 531
527 188
108 575
933 698
185 450
791 166
266 575
451 76
877 344
492 301
168 874
10 117
297 415
835 892
583 10
396 240
968 646
515 890
551 477
185 233
684 867
701 91
232 631
675 608
508 791
162 350
165 782
540 334
851 653
12 777
42 861
640 599
317 564
427 837
5 572
584 89
214 500
34 531
420 552
498 91
184 403
979 366
671 509
141 189
786 233
436 616
91 607
208 657
157 466
341 411
613 971
733 714
80 928
942 655
85 816
656 217
95 838
331 433
465 138
854 17
896 804
297 818
563 956
303 250
730 146
700 427
331 520
575 147
857 13
213 548
750 602
622 783
491 661
810 514
428 719
965 543
603 251
734 899
585 434
209 568
786 840
640 835
56 469
312 266
32 913
428 91
304 73
911 277
508 489
678 414
666 901
99 723
71 244
367 12
60 267
425 898
136 331
87 451
452 375
404 837
316 108
910 201
45 384
808 610
430 476
435 829
590 164
758 112
817 53
139 634
121 987
713 228
488 16
372 225
955 598
903 937
63 934
138 459
854 683
361 719
486 299
273 747
454 255
695 983
226 717
838 478
636 986
982 252
215 647
903 463
370 534
257 165
651 798
376 560
749 838
250 811
634 77
651 793
265 377
854 149
124 5
714 552
477 670
280 421
523 291
321 946
968 61
306 700
571 63
574 882
254 483
80 908
844 956
12 955
694 699
530 875
311 989
304 891
339 963
304 239
469 903
535 409
169 762
870 767
205 236
577 387
867 780
7 495
797 488
140 135
351 279
461 904
136 401
324 208
875 646
274 259
719 194
188 778
478 905
652 620
390 31
698 4
220 155
24 107
543 268
501 909
852 155
379 353
895 199
436 792
20 609
975 394
888 36
562 464
691 866
523 675
505 417
89 111
348 358
847 986
829 379
614 516
392 816
448 847
875 485
34 894
80 224
780 125
928 350
195 689
682 197
186 916
794 538
373 534
800 920
784 151
380 616
396 709
526 112
204 331
810 951
370 380
156 904
373 242
674 103
110 560
751 546
810 176
97 240
686 774
763 240
658 124
954 464
862 313
114 628
373 276
874 670
673 22
687 82
173 391
399 373
455 711
520 244
259 104
562 806
890 427
686 992
388 561
395 626
108 494
186 725
114 854
246 973
202 760
84 328
508 854
626 304
772 535
258 35
648 82
813 776
760 108
100 607
71 707
164 807
627 252
925 448
490 844
10 439
783 413
649 828
737 647
274 840
3 410
404 374
319 710
819 540
732 670
91 184
352 338
51 192
355 178
49 835
403 236
788 324
61 423
9 206
164 232
170 378
321 195
724 200
564 313
884 323
210 760
418 198
487 228
220 494
442 938
373 217
196 586
695 127
960 135
83 88
33 883
484 315
535 152
428 626
854 567
980 803
415 868
805 103
440 986
22 420
135 709
872 957
640 174
711 747
68 895
767 174
643 229
420 925
472 68
109 881
924 129
916 444
61 441
981 205
68 541
159 870
936 151
638 124
831 814
597 482
822 882
412 897
146 466
331 82
991 373
653 182
193 771
515 919
510 258
367 383
576 332
830 540
496 848
285 227
431 4
731 95
162 421
623 101
312 606
825 738
203 736
210 654
941 350
746 310
730 12
731 800
296 482
814 281
176 558
791 652
117 711
192 802
615 162
528 844
301 790
271 500
517 817
575 207
726 786
358 151
710 952
825 229
77 274
892 654
154 699
286 451
750 868
325 812
513 571
245 820
702 971
314 904
960 528
904 829
228 630
963 647
470 543
269 981
625 818
972 207
249 440
693 232
348 993
972 350
545 230
944 728
580 129
194 580
798 813
105 634
51 31
716 961
899 256
403 487
669 469
815 97
232 190
470 679
422 853
310 476
441 521
552 331
770 414
962 482
562 582
265 556
378 39
603 127
380 204
393 958
151 741
725 704
14 408
177 506
476 84
629 10
685 819
282 743
561 237
580 31
393 883
712 730
568 297
713 973
566 746
862 79
174 973
910 603
641 371
808 135
222 484
386 37
686 285
264 882
66 733
794 86
36 37
990 766
494 561
886 142
97 495
284 980
85 362
428 906
787 490
257 276
636 107
88 689
694 465
287 592
473 121
294 436
205 700
265 178
214 383
770 400
420 935
370 771
813 643
579 938
153 423
297 69
220 615
891 310
548 412
236 78
609 133
829 628
814 902
199 108
107 422
699 450
721 217
910 944
71 429
807 231
30 680
42 303
614 537
444 353
835 573
279 870
955 282
225 569
43 606
320 564
732 592
281 704
669 335
515 159
403 259
187 62
388 536
980 369
415 198
553 46
386 456
704 824
542 631
118 976
780 371
85 547
126 810
567 192
699 72
21 44
24 320
758 597
672 22
285 210
987 654
142 940
592 968
774 309
28 326
82 349
601 942
85 261
341 294
380 922
217 360
929 287
522 877
936 879
899 357
903 846
335 674
926 590
410 791
50 965
126 407
421 890
23 111
23 538
447 766
311 233
33 542
160 386
821 851
897 514
165 159
628 473
336 868
631 619
610 178
709 978
759 782
730 930
236 753
190 653
484 797
270 639
270 176
642 105
988 848
871 497
542 726
246 228
28 431
323 211
508 987
152 669
440 928
706 125
804 978
622 953
426 558
211 672
547 455
363 716
894 260
114 579
852 821
10 176
432 866
730 393
184 56
990 95
97 796
938 698
392 955
512 924
474 84
157 897
186 893
119 977
580 315
374 238
411 912
145 266
759 249
450 124
752 361
105 182
695 630
833 882
91 328
337 3
854 552
88 406
363 153
453 354
347 541
576 507
940 884
444 62
749 154
914 775
921 33
761 692
446 722
393 422
31 927
414 486
90 111
149 704
426 528
189 20
192 888
798 989
30 363
434 157
54 711
383 194
937 50
424 411
814 392
762 953
104 162
415 18
535 907
20 127
352 749
313 857
957 384
19 323
768 73
553 696
352 129
353 696
763 590
395 447
345 307
255 784
738 717
952 328
23 224
870 909
101 155
527 270
555 935
882 77
41 14
777 207
542 675
465 64
68 302
452 560
913 66
753 248
188 903
942 311
970 4
897 364
665 413
774 924
501 776
82 602
943 843
983 480
324 86
570 266
861 281
536 75
311 809
26 921
941 481
524 335
856 285
537 838
365 421
300 817
961 927
629 148
227 22
172 832
638 130
822 784
200 393
368 539
424 797
437 538
703 921
318 75
660 407
664 391
538 378
206 530
968 176
12 434
340 807
416 645
53 229
972 560
704 157
874 648
875 932
642 592
272 734
332 221
479 913
249 875
229 186
670 848
947 237
289 15
445 626
875 127
986 26
219 166
201 407
549 629
421 52
465 26
857 86
841 140
933 169
93 562
960 916
461 46
873 886
899 267
345 621
141 924
553 523
165 373
906 425
431 603
639 262
968 813
401 604
84 490
861 855
31 439
695 76
924 257
474 173
437 295
310 607
719 271
426 930
266 523
284 446
105 52
642 446
914 699
38 672
94 541
644 592
295 644
187 392
689 134
87 408
26 660
540 203
615 76
82 427
673 443
877 59
742 81
449 798
640 603
491 683
258 31
242 23
597 189
449 498
679 828
934 236
811 985
512 584
272 138
801 569
894 334
788 447
799 648
18 531
147 80
836 451
378 170
957 482
439 420
595 233
869 592
377 165
642 257
633 545
405 784
741 219
745 626
267 787
512 215
768 796
165 42
666 577
350 981
834 533
65 795
715 191
141 49
324 343
344 760
643 522
404 741
576 894
617 583
26 339
579 814
170 835
363 868
660 120
989 756
561 2
526 609
48 736
981 426
929 105
609 286
906 990
410 641
258 992
789 626
346 892
679 601
702 700
240 224
726 235
763 863
704 316
396 233
215 594
643 184
718 465
591 440
541 222
746 83
619 809
601 294
986 831
678 985
944 632
635 28
728 991
72 899
643 387
238 222
899 480
497 989
760 602
762 905
65 431
270 915
604 238
953 879
565 398
639 775
260 518
185 249
538 66
15 947
158 883
965 129
54 639
695 850
630 646
614 978
850 67
225 889
928 462
49 224
397 517
399 801
789 36
662 274
944 19
564 337
251 413
911 667
342 890
241 902
668 842
575 526
192 632
64 786
671 794
709 83
859 388
239 260
352 232
478 888
638 886
852 240
981 622
747 305
394 683
146 802
897 429
167 7
461 923
317 33
797 396
764 193
656 980
199 957
644 94
402 353
775 447
798 219
101 522
486 385
143 585
74 441
685 384
793 347
522 315
409 436
874 480
635 264
546 760
734 539
592 683
319 27
83 314
893 331
879 806
255 216
661 325
598 606
413 412
470 930
380 209
860 912
844 301
460 153
461 432
745 599
153 759
106 155
982 872
697 386
537 182
851 594
691 604
122 436
475 371
42 818
564 520
965 801
340 911
159 181
885 144
476 764
813 802
461 909
389 11
31 399
70 222
164 474
315 5
763 348
124 883
486 110
803 335
380 351
493 397
810 487
705 656
712 268
281 6
482 852
798 54
156 661
655 587
361 464
112 654
95 384
119 356
784 298
825 562
221 639
233 690
262 185
51 950
704 222
32 649
783 718
327 296
330 354
767 77
873 930
730 93
481 744
701 882
294 2
133 128
748 28
655 592
434 970
107 816
846 670
742 479
672 370
729 327
379 208
434 272
487 542
522 54
263 40
37 70
679 129
244 235
192 913
545 104
90 670
250 580
610 590
510 551
499 616
686 554
46 965
734 72
349 246
19 256
518 825
217 285
742 440
908 221
103 374
162 388
473 284
338 248
598 634
163 511
114 626
315 40
282 685
860 152
240 835
980 731
626 55
659 233
552 493
400 874
772 328
83 165
526 428
971 348
506 446
15 242
950 939
699 511
538 947
248 873
7 36
746 62
671 456
600 981
530 153
237 772
518 53
117 196
617 811
76 113
877 383
860 217
596 812
601 69
384 358
298 865
706 47
685 39
104 912
587 672
19 252
511 231
315 946
814 370
451 648
469 735
382 293
537 66
955 642
371 587
869 456
565 532
620 212
234 356
822 109
787 445
326 843
965 923
556 185
207 842
686 27
542 436
436 847
679 200
224 124
976 33
540 255
38 61
926 110
452 591
235 412
534 462
114 240
464 22
50 619
967 98
56 201
226 946
1 305
733 855
458 955
79 723
194 913
322 624
452 551
558 802
917 923
350 756
719 94
784 283
174 276
762 511
567 629
547 796
586 404
34 953
787 323
504 169
249 427
449 374
33 119
515 618
255 325
879 192
596 391
980 648
178 671
379 575
503 966
324 929
589 789
590 971
609 789
207 510
169 443
207 407
465 170
945 864
712 672
349 172
108 184
128 977
571 88
226 160
331 84
370 604
167 298
595 109
922 199
262 364
669 932
139 556
628 566
607 754
496 681
665 773
2 925
67 341
68 58
127 962
699 136
140 1
719 270
948 928
425 953
478 973
816 753
436 693
31 992
717 175
205 80
797 247
825 835
45 669
546 606
944 965
979 227
693 641
358 513
949 226
166 546
6 856
762 778
428 10
728 512
656 301
9 792
533 750
778 976
510 410
649 335
959 549
799 784
361 828
343 547
702 196
726 643
658 227
771 855
350 375
778 655
272 57
164 255
666 940
740 381
870 969
871 352
926 213
915 753
950 719
809 956
609 975
529 778
260 279
886 359
763 630
686 821
141 57
600 705
476 95
587 201
79 695
360 846
338 962
869 358
797 201
305 734
834 595
562 318
48 205
145 243
145 326
107 844
738 949
425 3
799 27
128 196
571 104
901 567
665 598
850 404
6 229
133 483
763 737
909 728
306 290
624 61
181 828
737 603
420 302
850 295
778 891
155 45
182 224
240 295
590 86
792 9
668 337
138 135
441 164
105 643
970 82
540 558
833 604
482 920
672 893
87 463
823 467
504 926
519 56
278 529
449 913
379 7
604 239
474 907
53 645
936 689
352 574
371 257
978 491
708 831
637 550
179 284
388 955
970 93
801 553
78 412
691 947
328 639
593 289
757 36
437 463
25 846
814 21
323 538
360 741
692 438
373 382
682 229
538 660
703 137
818 658
925 415
949 862
733 76
522 370
167 945
796 492
527 108
550 294
770 510
788 195
844 621
152 176
91 442
120 228
569 468
978 360
384 67
491 872
655 130
931 960
130 372
928 866
719 732
466 993
583 668
947 183
324 769
718 299
187 823
866 61
121 114
337 30
948 222
825 345
916 572
616 838
711 578
914 173
878 650
763 14
748 146
167 140
279 424
337 737
247 98
563 869
863 132
198 546
6 439
443 163
83 798
301 65
126 960
971 680
665 166
367 255
971 566
783 228
896 414
827 118
258 90
170 293
522 606
714 934
813 405
937 522
944 756
211 471
988 549
82 152
945 673
345 697
236 452
43 886
55 570
550 30
636 248
71 410
829 383
716 621
700 20
486 472
52 211
91 392
934 623
331 371
313 732
44 2
245 911
471 477
240 636
373 69
943 201
621 905
288 962
823 210
95 61
755 825
421 672
619 588
484 958
716 948
183 337
422 508
726 174
980 733
562 502
749 338
805 923
244 883
576 776
905 103
154 760
451 780
718 850
420 49
47 648
781 413
229 672
486 822
642 302
552 261
106 223
449 983
598 635
506 733
268 204
402 445
25 449
460 587
358 908
708 14
210 264
32 834
656 839
396 360
803 529
443 792
483 116
468 189
701 414
821 772
844 560
404 271
941 85
504 318
549 650
770 681
265 95
228 590
650 830
309 913
292 193
114 417
130 727
743 910
172 180
445 498
709 400
857 319
216 433
456 458
904 730
20 445
809 706
63 377
835 464
947 225
767 895
987 118
414 49
649 559
262 267
686 676
625 21
533 319
754 828
259 445
315 200
820 25
62 839
102 933
840 14
953 497
990 942
590 435
169 72
206 967
905 476
688 988
977 623
168 453
979 328
372 538
190 545
584 599
876 64
492 551
556 984
155 808
980 531
858 615
452 735
490 754
181 536
165 163
112 817
828 18
32 248
451 84
548 795
233 313
54 19
434 879
443 702
201 565
743 956
653 82
687 462
468 686
913 495
108 66
823 158
826 532
809 950
904 779
134 896
969 190
71 479
219 510
475 872
242 616
545 853
759 287
515 32
506 730
169 41
759 361
137 48
546 854
178 370
237 564
91 937
292 289
21 910
575 742
968 661
527 659
446 211
837 471
585 6
640 98
548 992
973 952
875 118
985 103
36 12
66 218
692 703
690 586
231 99
68 519
236 571
737 567
809 962
537 197
385 368
761 774
690 400
745 348
487 785
588 221
950 540
870 281
671 637
990 444
99 62
247 652
944 396
734 792
169 576
956 228
834 850
485 71
341 381
56 78
81 58
281 392
357 962
70 531
418 838
291 44
274 12
664 199
967 78
351 14
524 761
319 81
506 552
785 227
767 792
91 299
884 100
446 172
563 753
978 794
781 317
729 116
434 757
627 171
185 311
150 153
796 273
559 311
725 224
490 774
419 575
404 796
80 655
500 264
924 205
565 205
786 545
877 43
419 97
296 354
349 744
160 324
109 204
952 674
330 897
991 436
115 87
156 773
256 57
628 159
612 548
317 246
710 824
241 795
38 239
274 508
413 454
561 424
617 867
232 941
654 659
986 448
935 441
596 572
634 420
120 215
104 113
265 869
983 429
569 534
273 79
201 442
718 572
628 119
813 280
743 524
486 64
820 299
144 828
587 96
218 709
6 539
279 952
891 163
583 681
528 118
382 384
368 356
866 597
722 891
127 143
912 763
806 531
492 61
629 455
153 745
261 520
66 870
174 511
323 278
846 268
18 578
420 462
888 302
226 429
429 957
33 362
361 165
967 445
377 938
688 607
174 883
838 426
162 756
786 273
327 100
690 255
558 365
80 303
922 298
809 440
414 390
953 218
171 808
78 484
6 385
688 701
780 787
675 853
158 907
423 770
809 338
246 126
413 199
859 366
2 392
227 200
444 578
869 852
653 247
565 709
472 225
679 727
296 601
81 424
502 10
781 632
451 247
596 568
533 674
274 583
586 615
23 277
151 832
947 286
191 579
947 993
87 359
454 558
893 191
918 87
136 907
431 831
582 990
809 606
809 17
313 834
577 29
501 903
155 163
873 583
896 955
513 534
862 46
810 397
21 823
120 719
427 189
139 928
563 514
983 917
343 314
767 527
373 857
373 148
17 413
419 84
918 915
479 571
301 40
586 182
94 44
955 410
120 615
268 242
634 855
909 954
732 296
965 838
461 819
776 881
101 284
780 169
621 544
503 889
931 664
435 18
702 878
613 433
794 381
411 901
544 589
817 180
398 448
935 849
310 540
849 347
225 577
522 553
545 113
282 463
156 178
677 791
400 169
769 621
368 253
993 145
986 880
522 692
918 835
425 667
744 365
391 506
102 38
394 304
395 386
354 991
289 206
218 92
988 3
236 792
277 836
574 337
264 529
786 74
682 830
578 946
528 541
232 362
235 282
739 585
992 255
920 758
962 986
396 705
113 682
39 134
578 1
548 664
881 794
787 247
590 834
457 582
828 691
633 938
746 68
323 941
486 459
292 21
770 139
76 24
22 36
279 463
372 851
51 823
656 755
72 805
491 102
612 9
427 581
835 801
751 710
202 571
385 572
672 221
68 669
171 770
336 648
445 384
440 394
656 800
325 501
788 296
57 213
76 23
956 185
116 891
428 638
137 730
444 818
708 7
545 931
451 876
800 447
896 153
829 672
75 99
889 891
378 138
767 291
212 277
656 451
49 199
441 18
97 595
132 377
887 448
673 75
323 923
624 844
182 852
607 29
3 717
977 861
483 906
449 295
357 941
448 967
217 557
282 556
10 34
302 220
954 192
295 7
260 251
812 952
796 469
356 588
321 550
770 696
950 737
481 834
888 766
480 891
267 649
872 45
712 556
267 703
87 861
988 297
660 958
41 560
119 834
814 588
184 726
945 877
86 673
801 555
90 755
910 809
768 279
78 528
274 749
792 413
977 28
892 953
941 836
853 930
838 544
181 4
430 58
498 597
46 232
170 673
114 517
942 782
777 150
504 601
450 493
549 821
160 775
717 361
704 876
847 560
639 199
191 349
620 398
178 185
236 530
380 394
736 755
383 112
516 558
811 893
61 801
467 963
504 823
485 310
270 418
699 89
923 725
232 961
234 665
664 408
295 641
390 569
583 708
979 917
984 348
491 841
768 47
575 661
861 330
681 424
919 776
43 522
42 748
740 39
286 779
145 144
163 881
515 484
948 655
77 886
243 937
409 158
82 972
303 404
987 729
697 89
678 149
516 48
183 387
793 379
425 382
777 17
269 437
165 356
518 231
114 332
386 489
208 196
540 221
815 867
241 375
410 860
51 325
234 632
438 968
664 119
403 13
168 561
519 203
850 670
782 689
863 676
147 711
976 515
663 573
649 777
207 42
501 611
819 249
547 988
985 225
77 345
734 915
435 695
934 687
136 238
687 493
947 742
729 607
986 343
783 451
254 66
517 216
276 352
26 350
409 334
230 662
925 878
305 240
195 657
466 848
917 671
899 508
166 280
39 618
370 655
924 807
856 458
662 644
909 779
303 524
825 747
848 9
522 838
100 174
304 700
217 539
90 324
220 666
39 246
919 621
938 611
687 753
303 45
637 199
582 263
413 29
913 935
114 912
221 543
376 834
484 547
379 613
394 823
988 364
734 152
862 365
94 166
918 67
313 701
632 989
246 109
356 741
676 686
933 115
735 955
302 745
267 460
512 826
916 697
523 162
245 663
92 238
180 66
298 637
171 761
800 502
802 829
674 614
949 117
808 887
167 563
60 470
574 834
645 754
886 133
851 472
580 250
563 162
305 630
654 576
987 549
277 760
423 963
14 656
265 948
140 256
876 122
949 860
257 612
403 597
51 496
206 687
961 425
411 581
881 836
884 652
650 657
175 511
105 796
208 715
377 585
377 508
455 812
223 563
832 344
359 126
379 810
287 237
682 125
788 917
946 566
191 904
307 541
309 764
661 765
663 34
690 383
669 215
962 323
558 23
314 856
313 707
540 17
389 144
10 138
980 277
356 658
858 470
286 87
291 981
882 957
171 974
597 977
964 222
502 780
913 581
805 36
456 56
202 75
850 745
900 179
873 727
750 897
808 530
19 55
481 811
669 795
503 784
803 566
182 443
644 79
833 431
616 414
309 906
689 61
930 856
292 830
75 646
645 419
222 571
630 798
173 418
174 901
722 466
841 534
897 849
571 166
521 400
156 228
481 614
544 388
746 132
931 667
237 353
384 187
918 503
171 168
653 42
756 377
391 269
528 349
120 3
570 485
165 21
422 566
247 114
620 719
531 937
90 443
897 825
59 18
79 864
208 834
170 183
46 961
654 719
568 780
828 264
665 745
315 509
406 99
891 635
305 263
34 776
473 646
112 791
491 667
776 435
393 676
621 681
605 346
272 146
546 908
942 115
321 205
239 774
347 529
20 425
28 195
204 587
322 209
31 65
269 588
783 613
532 889
925 200
510 693
314 538
169 373
863 745
735 548
175 870
487 69
736 906
436 456
976 563
832 413
904 58
102 356
876 140
430 223
379 91
205 445
532 546
845 783
497 52
957 43
9 747
302 352
585 580
486 22
967 843
129 417
510 557
331 775
959 360
154 705
124 522
896 920
14 711
493 262
186 143
337 343
376 779
374 874
519 43
590 842
22 536
760 550
619 572
69 662
124 744
452 890
418 694
752 311
24 470
877 269
219 117
815 992
833 292
100 877
302 890
984 493
597 705
222 678
728 912
357 714
209 517
132 977
182 495
456 170
685 508
226 483
66 482
583 696
497 38
758 845
751 299
482 712
895 785
202 731
939 280
851 202
73 328
103 724
734 751
809 143
612 805
295 507
388 868
870 117
709 366
980 970
623 82
880 729
96 168
349 570
279 787
56 768
583 911
838 157
821 566
294 198
937 41
538 674
975 92
597 484
10 91
138 905
564 275
638 318
937 812
129 895
79 845
387 620
286 681
549 722
197 845
770 439
292 26
972 223
779 431
871 829
980 977
603 22
16 460
675 320
843 401
679 879
77 312
268 677
8 375
753 278
438 733
103 443
593 493
614 431
617 487
818 791
969 212
897 218
314 598
60 521
646 256
685 144
722 666
504 824
554 99
682 60
556 387
871 316
46 240
874 106
982 283
920 334
160 48
940 446
944 559
428 157
947 618
268 233
911 207
731 950
128 572
682 350
264 950
316 918
91 106
257 518
97 668
558 948
542 530
708 318
546 561
191 865
380 75
848 510
424 128
98 363
43 739
941 432
484 429
284 258
862 377
511 846
119 659
598 226
966 13
379 117
180 533
791 648
145 32
616 520
832 811
119 981
836 440
964 245
565 81
107 210
932 619
511 737
221 326
499 604
964 260
16 418
950 238
327 708
989 759
976 629
558 814
467 833
980 561
970 958
237 290
2 124
495 52
79 126
407 695
301 464
656 891
969 555
52 713
552 615
916 709
259 17
870 689
725 238
2 926
810 83
791 983
449 233
985 463
164 596
954 236
683 429
974 235
722 461
56 592
63 71
858 760
506 672
271 479
62 478
340 657
859 854
344 608
130 498
430 902
329 651
221 344
884 520
356 75
