1000 9892
195 463
109 365
938 365
6 405
924 904
878 67
418 485
94 594
241 142
756 539
557 534
725 724
302 895
95 844
523 539
645 4
899 905
701 301
153 751
557 841
670 632
479 336
374 430
196 858
857 896
820 316
507 523
273 215
572 429
535 283
368 211
5 504
389 649
670 794
892 670
417 908
986 727
1 717
771 481
598 488
710 246
503 876
595 338
620 135
123 953
533 520
715 669
884 828
300 861
83 23
782 573
858 932
936 877
934 712
904 526
462 249
512 908
250 671
289 517
253 204
991 798
634 761
12 271
127 159
326 683
419 279
849 478
816 475
717 181
634 318
822 395
541 819
185 822
781 701
777 538
615 320
241 511
112 961
929 906
152 88
376 566
488 16
566 63
185 16
812 411
480 980
727 104
111 263
332 240
872 453
29 48
214 244
604 900
993 149
668 489
794 860
527 422
740 476
56 1
420 738
419 945
351 458
208 844
190 972
378 372
666 808
513 621
311 840
627 635
721 386
283 171
213 38
904 13
209 711
122 224
784 547
114 514
221 748
916 956
44 875
64 169
173 521
672 424
184 626
810 490
688 898
249 76
889 818
640 805
236 318
244 832
376 440
304 437
858 964
50 137
514 280
629 83
524 993
948 769
219 947
292 813
470 736
847 162
489 42
567 35
879 765
1 6
572 731
78 852
258 623
137 568
393 684
656 358
578 770
243 196
742 158
916 79
224 663
65 661
7 782
120 488
618 299
413 83
750 356
287 558
56 848
999 551
172 990
871 732
217 707
218 44
76 130
114 77
423 175
595 742
191 211
85 444
285 138
432 706
108 627
18 263
365 92
26 778
121 727
835 324
138 956
857 316
514 999
388 36
82 785
191 433
798 747
985 480
471 897
610 975
347 671
612 129
80 498
544 417
583 768
164 275
568 39
950 849
772 840
613 569
192 843
160 336
965 576
359 753
914 254
252 974
927 906
706 380
322 629
416 754
697 615
370 925
900 332
848 533
580 824
83 256
268 406
16 327
737 771
849 969
829 211
589 903
610 482
3 208
151 312
652 195
727 793
309 992
275 816
222 631
154 255
391 661
879 499
552 454
771 868
757 403
542 545
90 608
641 272
344 656
900 271
979 886
653 457
228 933
101 177
414 787
628 134
663 897
868 661
464 211
557 1
285 475
911 443
147 294
994 863
636 264
931 704
820 967
335 73
507 452
141 1000
437 433
265 224
364 602
909 83
916 321
683 470
246 594
925 13
194 57
755 456
274 968
363 547
843 797
809 669
666 830
812 528
339 586
895 577
803 815
570 558
517 101
994 370
709 781
412 309
677 367
91 766
40 892
757 529
761 470
784 619
164 261
535 758
938 748
931 637
888 749
308 996
455 663
857 723
266 708
967 725
508 791
126 450
829 247
995 755
896 738
765 526
992 859
809 379
510 95
222 595
206 372
614 337
427 633
690 385
839 736
844 130
441 421
615 121
798 427
447 731
853 836
488 904
395 116
675 360
556 361
421 808
206 22
32 381
884 157
23 725
466 978
285 270
238 278
556 143
86 730
837 626
507 371
15 714
644 412
729 620
115 374
852 690
741 22
742 817
781 959
510 757
781 784
552 796
403 394
584 653
16 230
929 17
990 553
541 33
156 193
786 840
901 169
722 886
191 457
527 99
985 472
658 398
161 686
218 425
43 718
377 264
679 501
294 861
890 214
434 429
32 812
568 334
52 679
731 641
809 36
645 438
978 917
83 331
283 397
508 964
363 75
504 867
175 264
123 971
165 802
731 984
299 487
110 629
984 348
692 533
788 980
145 702
668 150
993 18
775 702
980 264
672 585
404 132
997 587
118 620
106 44
144 257
71 862
935 901
812 931
685 222
483 858
154 934
999 258
290 166
989 360
348 144
381 3
98 843
119 727
194 522
124 719
91 446
589 403
38 667
957 891
562 615
945 851
396 909
368 872
457 649
756 299
587 783
608 354
562 512
471 297
312 142
593 3
449 267
189 457
834 926
38 496
109 114
946 599
530 278
126 975
397 269
623 377
40 534
536 955
152 900
299 567
506 17
472 97
635 52
529 359
285 745
70 769
588 966
131 159
648 51
558 538
724 262
235 979
218 687
442 603
320 115
141 123
235 96
491 250
990 208
260 607
979 289
891 637
897 534
164 51
702 604
554 615
149 705
331 546
232 777
799 411
148 527
931 992
258 330
480 454
980 403
309 35
555 845
3 546
872 354
708 357
87 24
395 444
738 109
769 239
898 269
223 888
168 754
873 213
944 83
963 305
546 507
450 388
842 638
536 317
989 509
134 106
854 549
301 987
198 953
950 456
272 751
113 727
684 28
958 967
65 660
63 161
148 327
51 681
863 974
846 824
404 267
544 998
686 673
319 920
254 679
8 675
229 875
856 197
124 151
833 615
345 166
787 443
146 337
75 381
76 18
5 26
725 651
483 16
52 91
398 75
679 206
955 878
688 611
228 292
526 839
764 470
469 62
52 970
859 458
588 4
716 81
554 116
203 110
764 325
573 184
843 94
152 783
815 220
818 656
486 610
412 321
198 182
787 887
737 544
554 150
347 956
353 319
407 94
155 225
981 181
378 986
362 423
701 54
260 940
465 950
66 591
451 743
127 74
109 669
202 415
611 825
648 269
957 285
95 492
520 967
813 318
836 609
323 590
107 423
185 689
666 32
888 368
707 724
766 369
552 455
145 535
864 489
663 333
405 45
272 250
780 239
894 21
966 646
868 17
292 977
831 111
480 337
279 693
400 626
78 113
645 823
408 29
216 934
654 978
748 575
299 149
712 122
146 512
59 249
759 604
651 969
284 662
102 693
930 128
894 721
735 451
834 804
447 203
755 385
877 642
768 218
60 828
521 310
557 560
757 429
872 30
636 495
602 171
677 699
90 455
682 166
841 336
716 486
798 708
584 624
895 576
899 943
628 337
912 546
531 184
511 984
349 368
830 836
302 285
912 433
494 857
153 563
925 993
361 944
32 880
108 171
332 293
255 757
518 771
922 904
170 917
965 982
119 926
607 654
794 206
705 441
905 815
780 429
528 414
88 421
732 918
913 724
571 243
438 233
476 84
168 285
280 759
676 125
110 657
176 919
125 492
243 97
172 99
101 323
484 349
174 497
231 704
125 93
718 242
375 533
654 942
785 845
73 627
916 145
989 549
936 719
79 503
977 485
704 699
301 547
802 8
307 666
932 923
873 450
584 464
693 338
806 595
194 219
261 198
392 267
321 379
211 827
598 220
167 156
412 197
105 621
39 422
920 656
800 870
85 228
15 137
575 449
759 100
874 926
825 390
5 372
529 378
658 62
252 601
914 180
184 489
38 452
350 58
83 733
544 89
891 882
86 464
895 858
397 91
424 71
889 277
635 265
162 839
804 746
397 172
1 707
918 374
448 109
926 797
841 363
842 52
398 750
93 238
75 943
794 179
120 820
905 762
386 161
525 402
664 714
166 804
447 617
874 135
574 606
452 49
749 268
86 879
335 996
29 601
174 418
755 809
256 175
439 842
872 523
689 107
358 286
536 290
475 30
703 670
48 364
513 54
516 943
727 245
30 95
894 670
197 694
848 633
94 786
989 698
504 857
725 916
726 439
449 665
858 247
848 449
378 894
155 555
755 167
986 83
694 500
294 178
646 167
596 790
315 885
198 542
937 414
441 719
707 292
946 596
160 33
611 320
259 311
964 812
257 161
307 35
553 735
406 62
499 843
26 633
20 340
892 478
431 194
880 446
199 934
353 274
575 731
431 179
70 913
571 668
37 40
222 236
574 257
631 848
524 558
193 506
675 938
387 63
697 954
921 494
648 274
922 849
596 168
174 111
728 992
861 860
940 589
762 259
130 52
676 215
54 711
862 318
569 458
171 921
353 990
172 374
118 734
987 539
988 240
861 126
93 916
735 581
940 883
390 340
173 92
177 409
984 599
380 608
206 220
945 924
413 926
231 699
452 164
183 308
367 459
774 377
977 259
206 79
927 149
197 904
589 603
309 334
745 982
599 893
967 761
3 848
902 108
817 388
600 820
656 518
968 824
83 214
538 630
190 317
873 893
556 886
81 274
501 697
981 655
143 30
627 315
126 24
333 700
446 485
393 255
658 309
786 894
368 337
542 323
891 111
161 305
952 217
717 999
482 440
878 422
70 723
622 860
808 504
632 743
493 728
313 658
904 43
616 341
246 48
545 975
619 767
40 785
101 904
429 897
946 301
532 674
208 756
991 271
634 8
562 285
585 964
862 504
848 874
645 542
518 804
631 677
745 782
97 332
451 631
642 308
288 911
761 116
500 200
992 5
617 321
110 779
236 706
993 89
25 479
7 283
296 540
830 243
861 66
845 637
404 773
278 605
999 500
784 235
513 291
541 813
383 531
421 818
577 932
742 94
564 906
232 403
174 474
589 457
673 534
487 815
909 686
513 205
676 655
733 938
185 876
381 39
319 217
347 128
837 334
21 335
828 945
547 779
309 68
517 943
974 334
595 535
309 357
158 379
486 627
787 361
555 133
518 11
332 58
812 748
322 96
142 783
824 226
613 1000
597 499
191 326
580 130
949 310
794 659
536 837
961 456
299 737
131 312
665 784
160 763
326 341
867 115
616 433
672 99
505 150
142 331
666 577
403 925
136 288
490 725
161 851
127 152
383 98
24 769
222 164
987 820
219 686
178 530
465 546
639 130
415 436
771 164
40 442
225 98
340 661
550 512
628 288
558 15
616 924
291 472
205 642
123 606
903 321
799 112
172 847
289 751
977 314
139 516
814 855
46 701
193 927
177 306
231 707
328 930
236 859
20 984
920 213
498 449
560 76
730 692
569 754
676 562
621 595
147 324
353 788
1000 146
138 129
621 574
716 726
988 659
113 879
389 16
337 871
502 699
858 131
882 61
954 670
703 57
134 492
119 166
191 277
530 417
416 1
713 877
454 585
290 550
809 622
998 894
51 303
126 977
380 417
109 29
716 11
311 865
227 46
724 22
557 341
820 25
915 263
833 146
815 294
982 317
515 698
648 25
499 799
540 31
174 773
786 507
691 896
300 683
282 170
123 604
992 539
301 271
853 290
268 88
98 261
425 563
46 29
999 201
487 437
226 417
64 268
582 66
654 591
770 88
755 522
865 94
370 532
335 886
762 462
945 230
339 371
768 569
897 859
667 625
263 10
176 948
582 364
145 879
242 685
150 408
765 223
358 287
486 288
256 107
898 470
388 632
309 144
135 886
700 254
231 628
769 419
974 965
269 721
846 179
941 677
64 871
599 969
893 236
412 51
916 37
185 21
919 966
243 267
651 784
164 933
402 878
935 88
683 387
479 876
708 854
912 943
80 142
787 417
146 363
39 500
479 253
380 546
455 132
440 163
631 239
212 655
985 393
126 973
622 982
414 763
809 731
388 466
523 649
122 892
764 291
341 478
223 916
329 574
755 426
94 254
921 802
547 223
611 33
463 860
340 9
13 221
94 24
60 152
944 811
13 46
899 21
645 569
776 296
282 49
637 771
362 355
14 616
273 466
205 919
478 405
946 560
343 521
572 1
3 262
791 225
33 991
178 288
552 493
992 244
610 319
666 125
941 197
118 590
799 187
50 998
824 941
861 313
76 874
225 372
447 285
304 101
492 777
534 286
628 173
96 374
24 467
133 671
794 763
872 759
744 835
318 950
436 832
328 841
305 126
906 96
180 333
384 858
773 464
223 425
579 385
279 789
113 995
627 397
901 444
629 979
668 601
116 654
389 104
855 165
280 62
259 628
639 887
35 989
384 535
424 708
246 279
798 750
506 448
967 205
620 762
599 390
892 396
760 907
329 474
330 869
493 727
529 401
861 620
95 308
279 45
743 584
248 594
861 925
143 578
526 385
106 942
452 694
678 332
32 851
204 707
248 307
566 122
304 453
418 597
921 378
79 102
4 316
177 218
514 251
457 186
205 524
724 216
710 991
805 953
20 743
846 303
774 568
6 982
408 321
724 847
543 245
379 726
718 796
629 854
101 795
262 255
300 70
228 149
909 604
783 554
310 235
292 546
594 364
945 776
396 960
655 944
590 978
741 366
963 188
238 488
441 74
370 224
25 907
246 951
228 134
902 22
562 256
20 138
938 373
479 791
941 638
873 856
659 309
695 563
328 579
238 202
699 564
760 582
357 317
925 443
920 45
730 21
469 111
221 926
938 38
854 272
959 844
653 529
394 692
839 490
17 311
880 281
623 435
147 852
482 93
65 35
653 610
820 437
605 681
87 758
57 583
352 945
509 407
777 350
407 15
325 898
37 30
203 362
973 834
355 852
670 802
986 767
918 360
191 874
71 448
553 65
662 877
563 920
784 923
966 439
736 484
473 706
516 482
154 175
373 345
804 37
399 835
476 992
496 956
238 576
409 27
619 494
893 643
426 702
44 257
10 433
280 693
267 414
608 908
241 757
850 73
922 330
7 28
877 99
29 740
214 544
836 383
732 37
852 493
733 796
739 961
556 251
962 574
615 344
410 649
324 311
373 283
831 256
154 658
828 123
394 133
587 868
548 486
54 379
493 313
12 683
476 919
137 410
958 876
637 179
364 697
20 285
995 489
556 691
526 995
449 477
910 322
547 516
535 851
293 324
811 395
705 652
522 842
616 97
238 791
768 454
147 771
904 134
78 809
164 719
928 28
929 821
554 74
791 683
136 511
784 571
485 890
344 66
352 605
208 529
562 704
30 878
330 12
57 716
900 368
539 208
799 642
1000 924
287 446
748 441
336 523
434 945
509 491
951 756
359 604
666 324
405 272
79 937
260 757
192 195
103 23
322 858
549 137
183 927
934 637
991 612
461 729
776 619
83 27
158 587
504 305
886 818
419 61
607 532
261 834
84 695
956 483
614 195
64 555
413 952
676 994
606 615
590 891
353 515
395 482
768 856
306 699
897 100
363 339
366 891
59 849
150 520
978 137
160 520
823 787
440 360
958 325
78 222
579 279
872 299
798 55
394 185
103 697
507 272
803 735
487 862
695 341
132 501
774 76
209 238
981 632
837 996
342 450
716 763
733 691
916 405
134 318
229 884
342 61
553 914
916 260
155 730
530 386
472 838
234 877
826 85
26 677
644 60
191 409
484 661
32 510
161 734
146 10
293 457
701 476
886 984
703 306
322 331
985 57
196 862
280 113
192 867
890 134
87 702
645 6
537 881
487 931
352 633
528 540
503 558
895 888
273 183
118 899
65 309
504 787
433 297
974 403
671 568
303 740
586 448
382 871
370 855
478 410
68 402
287 176
605 341
476 111
696 456
851 77
724 197
338 136
874 342
748 323
353 845
547 213
106 15
126 74
352 131
23 568
319 449
836 189
728 606
233 128
551 666
589 547
366 932
443 429
335 619
582 472
140 587
220 313
2 612
155 890
519 157
409 670
716 569
203 598
205 60
336 437
172 843
138 247
124 460
698 399
384 859
392 374
47 670
998 586
86 880
694 883
312 173
440 98
350 549
906 323
122 588
449 276
503 89
324 956
678 679
881 297
727 899
761 883
462 806
856 216
985 590
97 651
748 942
414 724
991 218
424 340
833 168
563 451
247 890
436 475
163 919
867 89
649 238
959 521
344 977
118 124
448 104
382 137
378 985
966 174
490 767
307 479
95 324
238 199
891 685
107 122
514 470
291 883
316 390
210 641
127 917
32 565
714 49
575 830
558 134
120 878
693 997
774 686
715 566
276 330
599 588
270 872
861 497
780 654
422 871
849 393
496 895
362 792
332 624
133 609
560 211
257 117
46 534
855 260
214 628
399 290
256 84
76 621
183 395
320 903
507 363
453 641
609 747
973 74
794 591
717 838
108 941
452 463
769 283
111 202
144 466
299 436
836 341
929 93
588 502
221 934
498 780
355 877
587 566
237 113
40 691
259 595
901 32
481 967
961 349
608 780
660 825
240 298
311 771
811 319
72 290
230 853
48 929
251 170
551 433
288 956
591 912
78 893
174 338
565 373
35 726
625 42
200 971
754 398
614 958
61 22
815 253
728 269
212 422
665 222
130 657
503 534
12 374
629 324
151 122
979 365
691 161
328 409
666 353
282 118
691 206
965 979
126 337
843 443
425 614
202 580
898 63
114 674
847 64
407 547
609 75
992 189
738 401
701 539
7 398
944 304
637 669
140 813
786 45
304 46
983 870
902 264
766 92
383 969
717 263
190 409
727 409
33 450
253 359
38 605
845 163
958 898
851 558
251 778
342 423
897 426
717 105
906 136
820 854
731 437
760 917
254 738
458 563
186 514
946 732
639 953
345 227
716 438
990 557
630 724
338 940
7 641
382 489
787 101
660 733
827 680
332 318
354 194
191 501
178 916
70 654
496 63
351 243
235 858
273 57
43 595
118 53
1000 526
175 54
658 172
805 427
312 528
757 866
653 871
912 303
201 824
74 54
149 568
357 677
325 843
552 213
532 971
307 464
248 364
46 35
374 764
205 578
45 921
507 357
323 523
948 810
628 262
679 906
888 427
63 757
944 333
672 956
50 960
931 89
810 966
909 530
289 649
291 327
419 282
81 879
979 818
600 573
875 645
698 150
25 912
335 519
729 968
256 28
674 510
270 493
128 454
498 114
155 932
17 992
252 69
773 267
812 295
190 151
393 119
431 651
125 930
199 351
965 801
167 189
413 285
146 504
365 4
574 633
591 810
61 779
522 879
816 512
35 944
768 419
260 7
282 635
66 210
701 332
350 138
631 15
8 199
84 306
639 512
112 11
476 548
981 157
433 479
658 144
456 520
131 16
976 117
544 215
225 73
676 508
187 281
158 240
923 264
377 251
197 88
732 571
489 535
684 950
978 663
61 401
118 674
432 383
395 837
826 510
997 538
803 209
141 426
549 317
935 980
37 617
538 14
532 250
304 136
514 55
606 689
405 134
374 789
864 47
2 754
500 683
105 93
343 79
401 844
238 355
129 253
189 805
263 270
121 683
676 741
678 388
24 68
100 471
164 668
940 682
124 936
626 779
903 310
276 858
704 789
451 333
110 123
937 733
186 587
43 78
367 579
778 439
87 281
912 881
39 410
977 861
601 921
113 23
325 362
669 976
899 215
657 1000
824 39
952 220
521 73
151 770
578 106
136 41
293 294
601 187
104 509
834 17
476 687
633 522
83 553
672 90
156 811
766 814
923 52
667 465
227 326
106 541
210 26
342 629
805 99
364 213
19 594
23 42
83 263
246 209
788 728
472 270
103 293
718 687
442 490
727 935
801 885
197 388
438 918
813 314
596 62
591 959
660 690
19 929
884 881
520 602
685 256
249 830
434 281
811 694
685 145
63 525
64 741
873 369
325 258
400 743
440 596
25 254
980 546
246 505
987 262
362 791
845 860
457 619
977 364
278 523
154 525
633 25
954 52
883 70
756 504
615 391
12 562
567 288
971 667
220 653
262 942
104 910
980 887
655 909
328 758
259 948
665 729
663 866
227 505
972 339
802 450
604 986
481 853
833 504
797 93
411 654
474 307
786 974
91 934
646 354
450 987
17 676
130 989
540 784
504 656
708 590
69 728
855 937
752 470
535 559
995 58
411 9
13 769
291 675
109 856
401 39
757 540
39 621
244 705
108 16
458 35
956 806
117 494
464 848
967 358
779 149
203 406
597 933
362 278
933 419
537 794
719 374
745 751
302 114
876 307
879 892
853 842
847 466
801 898
532 685
491 996
699 347
516 627
844 800
866 744
225 208
137 854
210 900
304 193
819 546
785 406
513 68
917 369
386 507
776 687
944 305
33 630
408 647
915 656
861 468
993 836
138 475
585 434
966 625
769 43
320 83
719 859
432 835
489 374
734 65
771 754
920 216
409 341
390 204
410 774
323 251
34 122
287 604
849 39
578 639
872 320
66 267
858 287
826 369
705 608
459 71
392 271
104 121
16 401
360 131
82 622
574 834
579 232
308 18
271 142
220 806
792 351
133 169
624 606
695 823
644 315
916 576
725 304
804 929
677 445
147 882
921 843
575 338
748 774
360 607
507 912
748 586
950 786
528 562
212 443
250 114
285 689
188 172
956 970
649 950
338 497
855 892
247 579
771 487
188 19
870 531
517 273
1000 813
322 809
987 789
895 164
309 769
625 384
899 75
939 954
823 647
469 679
698 595
236 758
757 52
831 797
978 323
375 99
638 687
381 531
767 207
272 316
550 547
735 420
112 571
584 360
187 75
836 820
111 382
895 363
36 316
771 931
331 1000
280 838
633 344
230 254
177 450
366 910
370 501
741 706
717 180
301 865
51 946
949 917
72 119
879 340
918 31
220 343
477 293
153 282
137 701
138 910
506 900
71 731
931 263
381 324
519 116
777 621
544 864
465 233
546 178
711 780
181 221
219 390
220 629
797 483
472 554
864 695
318 425
565 1000
40 765
855 983
66 67
378 271
289 278
181 864
220 778
742 297
125 643
844 119
995 229
905 205
283 161
831 699
56 357
455 423
713 185
333 839
597 138
531 244
421 484
259 473
965 743
831 710
714 825
515 808
365 583
541 580
389 727
528 685
931 568
325 233
3 109
278 177
652 326
672 652
951 730
495 590
582 18
537 580
699 274
477 192
192 336
486 22
732 858
606 630
166 836
478 698
887 490
887 778
908 397
512 622
417 494
612 823
741 661
153 468
559 612
237 41
120 605
660 380
665 418
519 265
690 567
285 497
842 714
992 307
557 293
896 726
727 149
655 936
983 15
987 72
932 991
55 536
356 9
152 247
964 328
267 552
911 323
553 867
916 427
103 455
387 880
526 558
771 620
822 867
930 347
237 139
706 178
247 86
730 556
769 584
148 988
494 501
406 619
136 91
941 292
284 115
190 642
346 692
184 327
57 959
901 236
598 110
624 757
218 618
769 874
772 95
651 418
350 103
192 833
230 905
47 77
715 31
454 193
665 447
311 584
786 509
408 793
905 459
320 37
799 695
478 180
72 646
895 798
677 87
884 557
683 586
373 32
305 768
982 602
269 933
622 557
827 903
349 215
478 485
118 796
957 100
32 567
549 254
455 975
477 179
210 782
687 352
102 256
605 183
480 8
67 568
803 204
197 165
89 804
901 807
478 662
130 271
713 223
890 303
531 435
900 797
593 827
451 183
471 168
910 609
989 427
258 589
150 583
673 554
157 377
56 532
54 227
992 352
964 142
345 634
966 820
459 462
703 803
262 943
384 835
195 472
930 157
113 839
789 854
264 863
832 215
473 335
985 622
171 13
646 208
647 681
228 487
657 681
173 289
623 222
165 402
366 365
95 849
761 781
136 232
677 567
548 897
576 694
294 73
904 237
613 869
584 629
825 365
207 585
958 435
190 793
636 825
285 571
752 294
937 244
256 269
313 986
784 609
982 644
681 255
524 611
815 108
874 744
526 497
291 896
18 696
990 2
993 302
5 590
13 115
732 589
456 720
643 196
58 620
684 1000
44 591
207 955
69 172
567 957
678 510
225 102
978 348
379 95
905 850
806 738
692 686
767 42
325 451
715 583
610 371
743 45
270 987
714 309
715 980
992 191
422 822
738 431
650 541
561 430
785 550
880 612
590 787
883 263
354 971
392 756
524 133
960 896
340 998
487 593
290 15
776 910
375 528
724 195
346 278
866 849
475 934
833 625
702 683
59 679
557 220
975 637
389 378
101 32
655 627
124 391
826 143
980 916
17 980
53 62
149 911
864 933
276 787
316 704
703 980
354 535
678 658
916 355
954 666
512 176
677 520
697 116
237 83
809 594
609 832
811 396
599 381
401 224
811 285
263 938
985 34
553 742
973 513
155 398
763 213
726 987
217 249
772 23
204 977
776 210
939 526
445 473
87 772
874 934
420 137
408 849
100 657
213 990
363 65
550 503
784 143
546 954
247 755
123 961
144 202
883 679
956 41
705 495
173 337
87 656
799 106
770 387
935 861
650 991
353 949
690 460
984 721
163 84
718 390
110 694
516 743
991 775
150 301
245 609
873 328
637 703
487 740
419 284
861 738
137 595
500 849
48 114
496 897
395 487
751 280
453 549
510 430
584 19
778 569
516 916
333 32
695 95
634 853
613 471
893 232
475 819
332 152
137 414
35 764
588 425
95 133
626 521
617 143
922 579
639 974
105 419
493 510
77 829
535 699
706 175
742 561
68 576
270 188
735 456
21 982
489 220
332 348
961 436
355 133
109 142
402 302
994 308
500 505
338 688
264 339
908 612
969 530
827 668
97 959
482 243
675 960
588 851
458 120
773 751
320 73
84 18
856 43
801 766
586 380
472 308
435 424
445 689
279 235
248 283
727 925
748 408
370 850
956 205
358 243
430 220
934 668
442 310
888 346
345 929
434 690
775 809
922 239
465 264
373 399
448 634
747 382
654 734
469 924
123 616
650 725
408 152
989 879
980 520
489 19
107 620
515 389
76 757
868 617
500 693
836 207
11 325
802 875
197 627
534 274
862 895
694 84
305 935
257 343
404 418
637 22
945 538
698 394
314 403
323 154
928 411
945 595
726 438
789 674
683 483
647 324
962 182
622 148
521 365
543 516
146 474
94 444
860 392
433 654
730 172
531 53
398 252
39 762
433 543
678 23
900 21
62 312
201 90
855 741
787 893
165 49
772 239
559 225
725 201
448 107
362 417
758 3
443 322
887 677
523 996
164 206
735 881
973 956
870 956
981 401
253 570
469 749
733 368
940 558
649 383
841 183
714 399
382 17
457 190
24 631
25 693
883 604
279 493
766 379
696 793
306 397
188 937
135 242
102 99
513 294
567 239
721 699
277 109
982 835
448 757
196 115
796 585
110 473
684 472
8 777
151 571
486 492
983 585
552 634
112 945
920 254
423 405
202 657
375 956
160 563
534 681
685 851
458 651
258 165
650 13
659 914
858 168
333 714
472 914
392 954
434 498
401 251
934 431
973 395
649 45
977 968
688 517
568 91
736 973
143 287
471 930
762 785
354 864
463 867
566 836
917 842
539 200
886 33
923 41
1000 932
286 891
697 900
535 380
739 257
80 642
230 660
221 463
630 85
867 421
344 455
710 29
155 487
913 829
109 666
679 786
616 882
619 85
676 20
788 942
899 271
261 874
621 104
944 676
343 674
684 307
520 711
188 589
358 485
286 326
232 500
214 548
771 615
200 75
210 311
484 298
765 167
968 151
608 238
699 793
594 465
703 753
280 185
964 853
917 40
983 65
555 454
918 724
835 86
933 717
702 394
6 397
731 438
273 754
552 771
648 962
904 428
522 999
156 169
308 702
473 475
401 342
221 845
57 788
901 1
834 36
657 549
513 537
787 102
852 576
605 792
207 556
395 670
572 594
549 978
338 604
729 85
625 164
329 359
516 29
154 378
691 17
106 595
144 188
836 569
671 576
304 562
675 517
412 933
396 98
936 55
813 751
425 566
876 273
328 263
538 134
41 998
689 818
926 18
605 254
754 964
6 515
448 543
713 5
732 231
738 432
97 312
978 99
928 948
360 964
788 672
145 866
1 173
718 161
495 232
634 624
29 708
160 669
323 955
114 770
120 357
926 509
379 496
343 21
664 140
628 197
167 971
99 529
119 498
854 643
157 209
450 349
932 933
646 109
538 540
99 638
636 335
708 204
506 612
488 423
234 695
904 505
246 610
531 826
364 665
825 89
184 79
65 860
104 230
627 403
694 693
427 482
101 432
421 128
454 647
139 979
564 80
469 148
226 939
108 459
846 857
45 566
743 547
504 936
359 346
341 315
472 390
257 558
114 967
526 430
303 883
696 405
715 339
496 651
260 582
41 945
25 340
748 242
671 693
235 135
988 351
236 724
754 921
519 513
135 888
11 822
715 526
883 416
784 133
186 163
495 159
49 217
323 774
710 662
881 784
680 453
629 184
388 714
580 166
147 421
37 985
3 713
924 699
63 857
780 951
485 183
217 553
917 250
25 946
781 722
560 408
427 147
998 590
381 584
608 500
898 840
960 877
152 346
412 148
712 434
920 863
926 576
265 430
692 451
100 790
446 382
930 571
794 31
143 314
331 42
388 435
299 520
564 52
32 141
326 355
492 127
352 938
98 130
917 387
30 795
549 777
880 464
588 993
165 48
830 802
689 702
411 144
784 662
930 908
326 13
991 373
773 706
584 587
107 126
187 855
877 398
663 670
442 489
169 343
499 760
223 125
304 506
981 400
537 540
296 878
996 903
98 710
28 701
729 472
624 258
58 680
702 63
580 568
129 387
3 502
991 969
137 543
586 853
35 41
898 377
385 170
957 986
449 799
414 463
785 713
254 782
805 646
721 715
483 744
101 185
855 256
747 635
237 553
147 449
441 839
561 243
854 600
72 256
551 920
115 354
450 133
409 744
313 139
299 424
952 771
882 19
440 2
647 683
686 823
194 49
415 572
189 266
523 502
545 18
752 634
94 409
960 535
735 103
412 414
783 185
550 156
843 994
990 855
197 596
812 927
227 393
924 97
363 313
248 941
869 135
355 301
909 324
491 413
643 296
449 580
652 554
1000 933
692 795
325 798
468 74
867 343
525 133
269 967
115 631
999 969
121 202
469 640
330 326
102 290
250 529
414 239
609 222
862 760
884 848
405 473
323 672
804 177
257 210
404 807
296 616
579 270
75 831
877 562
36 362
751 233
690 534
488 799
257 508
38 588
168 689
557 73
776 944
711 916
60 908
141 802
318 342
92 765
252 206
829 826
458 877
359 511
669 337
963 44
270 388
842 915
972 806
792 132
63 119
564 424
910 724
57 170
300 530
511 911
510 991
73 245
798 959
691 596
880 195
147 774
939 354
722 878
47 801
51 162
826 688
613 744
961 95
815 300
213 250
145 106
237 260
481 306
230 599
972 873
922 832
325 865
348 518
944 773
706 700
891 760
486 700
269 922
515 862
723 931
50 11
69 253
126 486
736 534
131 982
68 443
534 200
737 956
430 817
664 721
511 398
137 887
194 15
585 216
993 244
102 40
432 4
732 921
966 705
570 374
601 351
42 975
977 280
850 38
443 388
543 89
489 454
57 266
592 902
279 875
582 512
395 374
342 144
698 5
93 589
385 444
120 469
284 678
860 725
254 544
173 899
760 677
708 205
656 928
933 736
543 669
947 572
819 731
5 46
8 286
835 339
378 266
360 881
198 529
860 678
369 197
761 715
891 88
412 87
655 21
568 165
735 347
347 650
351 66
762 743
835 625
549 643
566 739
997 487
803 879
62 258
653 677
305 575
765 833
52 796
455 32
562 737
563 136
821 576
863 197
791 936
800 962
545 518
424 690
301 365
908 219
932 209
861 853
936 20
860 100
44 529
266 535
912 45
89 604
879 945
572 31
97 121
813 355
972 192
819 750
392 848
923 604
597 557
289 568
29 566
871 787
56 652
976 557
738 708
101 132
998 146
391 960
103 506
140 576
72 406
608 56
538 863
578 896
37 881
712 70
175 213
404 428
460 84
945 704
485 263
547 788
52 414
34 929
110 140
78 430
171 120
432 620
238 48
756 565
725 546
636 451
928 268
251 935
712 435
381 568
748 849
648 923
460 169
247 83
69 863
731 366
972 76
169 777
276 555
925 322
235 760
967 203
659 106
678 954
146 107
699 233
407 368
389 901
853 160
356 584
433 541
51 154
678 21
535 628
153 686
799 803
443 701
765 869
288 343
307 437
912 399
649 866
28 361
568 270
911 550
899 230
567 507
519 25
745 870
58 819
463 92
726 594
16 579
131 814
98 711
157 818
853 597
168 297
136 839
549 477
348 50
101 454
413 970
109 629
895 300
418 928
127 694
37 666
974 149
991 857
558 468
992 115
286 251
950 130
363 60
958 649
978 566
660 275
475 95
828 985
725 883
609 530
971 671
478 37
385 484
336 406
284 750
376 631
285 67
656 601
203 966
993 760
962 361
781 995
450 53
539 785
171 245
544 649
281 853
181 99
713 890
784 856
384 602
630 717
652 999
320 852
281 966
967 567
8 421
246 373
105 667
658 419
398 222
293 396
385 977
902 542
597 222
559 484
535 735
551 317
625 627
259 389
351 811
126 745
92 905
631 636
350 465
61 130
749 277
574 688
992 630
334 613
260 904
852 226
546 917
965 845
982 613
714 207
2 195
240 890
349 56
280 545
832 30
482 923
775 589
525 102
339 239
175 605
110 814
475 511
974 983
76 857
93 981
131 552
171 631
137 939
598 902
747 312
558 201
368 755
284 310
297 833
300 32
525 729
50 571
358 766
348 308
919 513
296 758
262 186
396 994
577 667
590 48
849 138
730 703
200 370
663 813
868 769
167 374
623 25
769 378
499 500
337 856
397 722
733 730
185 476
333 748
608 895
91 902
402 39
231 789
117 906
958 112
561 730
670 324
506 403
252 371
144 831
665 836
647 940
389 844
502 975
911 971
916 563
583 963
360 579
967 32
550 8
990 963
513 615
540 22
942 678
430 378
621 157
731 997
127 212
829 48
316 101
118 275
748 32
922 837
430 84
996 969
26 33
227 608
139 450
253 992
269 891
736 390
174 586
75 564
919 418
666 497
645 979
410 307
710 910
552 504
849 554
153 83
338 49
36 312
538 934
498 279
513 364
789 215
992 461
920 282
686 298
817 182
361 242
768 862
846 486
309 370
183 345
103 550
309 483
367 75
673 832
509 764
732 60
960 468
817 172
959 462
262 874
446 151
747 864
696 654
570 171
577 854
927 765
307 924
91 885
899 672
864 563
189 448
764 84
716 471
55 839
834 6
711 332
514 904
882 826
829 257
276 647
625 148
303 174
341 487
144 621
198 304
610 912
423 705
905 322
155 111
467 433
410 289
438 754
903 796
577 41
198 210
236 417
607 107
852 171
396 177
92 736
787 576
478 269
942 412
965 773
991 561
795 330
124 800
35 209
348 952
645 708
461 759
101 592
407 753
102 235
487 295
932 432
572 911
168 477
426 737
499 429
245 721
893 837
325 297
71 821
413 918
578 543
894 113
497 525
977 379
119 690
870 462
394 101
306 857
845 772
756 481
495 127
794 706
983 154
587 853
920 20
797 338
45 461
176 260
267 991
890 881
265 242
447 222
716 277
238 49
25 722
246 588
781 847
802 298
531 856
470 388
968 888
143 184
35 551
204 759
493 942
78 760
856 718
344 482
161 764
330 797
853 175
985 31
661 808
240 581
188 258
151 142
710 507
565 396
144 984
460 622
27 53
579 736
435 280
790 402
918 327
410 38
672 317
329 142
721 158
101 658
687 255
932 246
153 233
795 342
282 399
603 865
197 16
54 699
326 956
25 423
120 995
157 674
249 705
117 142
727 625
965 172
287 944
445 967
186 392
684 324
542 958
615 220
720 624
816 163
674 321
162 45
492 868
607 921
45 416
911 397
949 890
181 224
898 520
470 198
551 875
474 13
186 761
439 273
111 321
428 733
527 371
531 884
324 926
57 253
204 116
702 207
652 992
929 573
69 818
450 980
566 398
808 702
601 873
985 458
640 699
381 829
493 803
76 220
260 196
133 338
584 84
446 634
10 385
30 885
235 773
256 978
154 357
72 678
913 16
307 257
201 774
734 120
684 853
313 912
79 813
830 943
709 678
35 395
292 58
225 9
61 355
444 365
265 870
900 584
493 421
196 301
500 773
567 814
699 350
496 947
25 387
867 644
580 587
541 987
140 852
386 500
940 819
304 85
158 880
570 336
988 39
720 717
737 225
557 54
82 470
10 267
371 45
954 98
292 589
618 439
465 464
121 58
682 680
497 934
206 830
677 915
34 119
916 9
369 364
186 298
907 326
949 207
553 814
773 273
372 704
967 991
237 190
955 707
251 464
393 174
937 212
274 219
344 299
207 478
807 852
433 402
170 427
173 888
839 455
591 292
19 322
725 428
514 711
899 771
826 801
353 269
649 808
562 763
230 597
394 949
179 185
127 215
843 238
972 458
562 330
11 240
395 625
143 899
40 96
810 396
67 841
164 1
865 372
120 829
926 917
413 766
984 294
153 161
207 18
799 318
766 295
982 864
876 419
269 715
510 97
865 86
538 52
804 998
443 184
465 288
234 111
490 245
408 128
262 303
854 821
727 569
638 204
932 371
737 269
738 574
758 677
210 135
157 396
910 890
177 342
340 774
654 367
20 900
738 657
452 374
311 317
746 228
450 297
541 561
90 832
147 507
20 107
498 29
579 284
16 754
375 790
584 501
347 369
276 819
302 823
639 970
450 122
952 488
910 565
55 977
38 959
317 266
467 741
912 822
726 471
591 816
557 640
796 344
375 421
69 778
891 526
363 485
807 888
616 211
635 81
411 107
50 319
473 371
363 259
515 670
863 182
518 535
408 770
210 626
523 879
429 916
784 685
625 325
643 354
57 753
286 694
70 25
610 98
296 998
862 358
300 534
170 850
322 953
148 529
993 52
941 172
154 238
652 161
603 949
486 11
107 322
179 593
176 681
707 627
135 138
139 319
836 789
585 19
289 574
314 91
120 166
660 394
289 356
370 274
903 22
567 421
917 150
546 67
390 254
29 854
202 227
206 700
863 931
60 972
258 900
445 518
923 922
708 156
211 924
267 990
911 473
509 671
256 365
684 165
691 835
12 874
294 557
172 727
113 815
904 408
816 708
545 410
432 765
769 722
899 671
682 789
692 697
122 966
503 199
53 276
591 788
835 478
692 125
431 395
18 28
660 659
762 653
283 128
526 252
89 81
472 71
773 107
41 470
325 308
406 334
688 891
636 897
437 824
5 708
173 610
190 576
193 300
411 149
303 931
572 360
370 912
520 147
593 963
102 21
700 388
295 928
411 435
106 825
110 929
543 202
701 814
225 93
960 232
167 390
528 428
819 351
123 890
399 887
742 373
968 306
854 878
228 586
154 885
708 316
453 400
215 348
767 787
491 540
276 448
921 13
372 297
963 390
254 781
515 485
989 422
672 1
556 271
119 657
814 691
897 39
404 467
78 238
31 424
707 794
121 826
30 412
12 703
109 381
570 241
777 825
451 115
835 15
580 170
874 869
669 108
51 429
307 983
819 898
240 88
708 549
930 491
750 216
329 668
290 906
991 150
260 54
429 681
657 974
770 743
458 331
460 429
27 242
815 277
563 292
123 365
341 414
18 915
844 267
203 405
304 709
922 589
728 276
66 903
729 125
399 261
94 73
701 317
364 311
331 301
538 396
131 110
279 190
652 436
333 1
412 605
550 351
206 417
425 734
196 671
658 245
453 8
832 911
26 122
633 832
14 987
110 812
625 760
669 386
11 883
504 415
305 146
572 944
390 277
825 532
328 92
354 964
867 869
909 632
662 272
115 37
44 31
603 264
694 97
815 919
637 105
879 28
421 735
168 978
945 526
858 281
915 850
186 666
975 926
872 469
899 495
719 413
399 82
525 217
419 816
186 747
521 344
28 471
618 520
19 103
792 421
756 926
995 382
961 306
544 521
216 375
622 114
83 905
411 910
910 100
625 126
53 900
368 481
536 120
833 105
852 947
429 542
378 70
216 149
415 607
536 584
339 849
576 804
322 688
382 992
520 171
496 516
463 97
749 648
842 58
334 484
681 504
918 511
866 932
667 189
123 832
268 32
895 51
163 458
534 207
149 803
757 38
409 78
149 916
172 283
45 35
373 438
720 132
784 157
789 356
202 526
791 442
957 942
997 705
505 983
824 777
788 684
699 91
478 994
318 535
401 857
842 577
239 243
441 168
411 845
703 640
633 444
376 979
656 645
403 819
932 594
203 674
348 393
784 123
224 647
523 119
323 221
551 861
254 551
848 300
622 446
557 332
955 825
134 167
158 297
252 92
403 66
995 444
635 901
265 37
121 112
494 368
242 331
195 693
569 96
311 815
683 152
995 154
355 59
47 849
87 592
697 260
394 884
985 401
174 703
175 98
198 321
145 75
666 543
922 645
500 425
652 542
175 211
179 148
53 755
4 297
783 513
291 863
827 625
184 749
993 361
424 188
499 736
926 751
981 504
784 844
126 257
109 717
131 823
850 453
762 741
656 150
16 117
76 957
662 924
495 177
614 389
894 149
841 111
325 390
538 9
670 434
12 336
220 19
737 191
352 155
461 983
599 529
287 879
92 213
367 477
722 60
334 142
372 325
671 245
959 270
101 18
823 951
747 544
841 683
461 138
564 589
964 295
587 804
824 498
897 378
168 723
501 798
372 650
800 619
447 216
806 401
368 621
789 685
94 172
267 703
275 152
920 675
136 242
871 907
566 416
143 401
700 978
792 413
778 656
891 121
801 337
35 853
198 387
470 356
950 946
591 900
759 38
136 464
411 210
322 423
788 461
514 797
986 974
991 83
994 469
812 838
568 418
844 375
961 181
264 451
999 981
891 820
412 715
197 363
507 719
736 755
678 234
827 556
187 717
740 567
67 883
946 178
559 450
128 59
763 732
12 22
784 967
583 457
970 798
366 767
984 654
487 325
658 691
628 325
719 46
395 68
34 284
469 955
453 454
935 582
618 206
654 814
864 194
862 973
276 432
262 559
432 862
125 63
526 744
890 945
621 959
536 403
206 851
184 748
548 602
664 119
846 867
940 284
321 404
217 811
787 371
350 521
618 533
69 943
195 764
91 959
700 775
5 99
557 694
83 895
262 594
610 628
767 493
132 122
990 132
160 99
52 945
398 221
94 300
496 11
960 666
354 169
468 929
236 197
678 52
97 905
189 89
209 891
504 629
87 894
347 938
37 5
476 491
922 765
398 270
889 262
616 458
598 366
430 460
128 318
274 712
222 146
403 788
957 453
304 523
321 611
412 606
235 37
770 808
59 275
996 976
776 489
564 412
466 499
269 852
491 844
862 365
554 546
774 755
611 943
830 655
82 973
240 603
849 707
563 641
396 296
970 28
715 970
276 374
758 556
725 740
417 424
128 805
129 28
917 491
756 5
600 365
99 794
245 568
375 633
837 324
571 281
571 120
422 522
941 294
449 616
462 991
94 914
704 694
523 74
63 157
233 367
237 922
399 191
501 805
377 879
138 183
357 257
858 230
877 714
695 505
685 707
516 904
333 745
940 407
821 180
108 732
167 358
652 902
1000 457
907 951
622 960
364 848
806 187
511 643
799 966
489 163
48 837
892 350
806 10
334 827
780 253
557 956
548 769
446 645
623 591
237 256
535 697
717 566
658 164
623 700
907 136
320 99
654 136
91 608
715 426
529 926
210 686
562 475
675 520
245 614
645 95
92 654
448 286
480 232
511 293
23 841
982 870
256 239
755 532
166 851
944 325
546 521
549 402
771 936
167 531
684 383
129 99
480 421
577 969
686 213
984 227
381 123
515 431
510 321
24 338
599 765
250 898
915 546
932 716
147 396
555 635
516 771
152 54
285 486
694 66
517 715
96 467
868 849
431 957
267 948
452 504
792 117
836 262
765 424
68 680
640 57
492 588
530 616
125 954
985 411
475 727
133 101
913 168
626 80
536 792
563 334
613 854
445 164
423 470
967 227
739 128
77 537
635 83
359 627
190 653
532 435
290 802
437 945
499 852
869 926
374 20
632 176
855 735
605 744
970 295
666 540
154 296
924 468
819 54
767 340
144 782
914 286
457 473
682 258
296 89
350 428
616 514
663 480
766 945
808 180
205 828
39 784
559 41
106 963
179 949
131 822
5 785
657 354
111 551
19 909
205 542
762 31
987 532
644 527
352 45
304 603
281 231
942 236
357 431
432 85
451 307
400 755
898 366
793 124
389 446
686 241
240 1000
764 721
327 813
823 936
257 399
777 720
6 770
832 517
889 596
963 317
27 462
368 817
940 27
449 592
677 939
158 104
930 1
876 837
290 416
842 757
95 567
64 861
157 109
108 834
567 325
91 180
275 445
702 500
947 205
794 995
946 954
287 340
205 816
863 579
440 107
811 44
82 992
750 83
53 225
257 897
562 893
890 606
459 333
532 369
82 631
131 440
902 935
796 446
657 992
903 526
824 47
697 295
365 369
911 260
702 48
214 188
445 57
748 822
791 746
630 310
960 302
703 430
190 759
305 607
805 410
459 722
649 870
213 540
100 22
598 323
175 246
72 896
192 223
118 996
151 709
691 76
197 507
257 958
403 872
88 294
417 816
795 299
248 172
261 986
550 531
771 194
130 198
81 636
745 639
853 962
845 626
409 763
68 157
513 312
732 164
533 821
519 262
595 228
727 483
841 172
162 441
381 35
629 42
989 420
205 501
466 995
802 137
112 951
634 804
929 266
483 26
399 346
848 358
818 171
481 983
988 642
807 254
340 731
264 838
266 316
711 610
700 174
640 481
191 368
372 798
15 8
609 829
332 444
173 896
566 397
949 315
200 790
610 629
352 877
646 501
26 738
317 417
543 887
341 43
839 476
435 812
113 830
222 486
424 313
864 241
579 931
636 816
51 250
478 31
321 68
105 953
933 73
4 339
924 284
283 396
856 122
32 908
469 425
239 839
524 745
107 81
473 607
718 659
577 337
799 438
123 939
1 413
199 534
352 503
760 500
176 929
154 181
897 731
516 635
958 408
168 265
584 904
7 368
172 387
633 8
224 32
446 716
210 15
72 244
461 926
334 84
119 710
908 291
267 173
125 81
966 617
789 32
702 707
137 649
135 498
410 671
195 159
886 885
720 643
465 133
673 952
671 349
837 613
666 963
272 803
55 552
739 683
846 205
557 358
734 850
56 789
203 998
702 396
872 471
263 620
627 335
557 520
428 844
13 746
17 751
234 895
274 214
223 137
351 452
146 28
459 47
955 930
260 20
377 497
817 111
259 340
541 342
347 835
518 558
578 221
523 836
339 851
835 694
958 620
341 289
490 685
674 386
737 612
178 836
94 43
578 79
501 975
865 388
155 165
896 136
518 840
356 680
377 230
196 622
553 171
292 363
594 585
77 813
890 971
889 3
728 959
413 763
490 478
970 964
920 62
918 108
350 417
466 103
28 738
729 539
567 783
92 429
241 941
112 563
918 223
352 2
979 991
562 141
289 535
789 354
764 797
872 1000
401 974
516 893
756 26
334 176
764 573
450 437
896 263
660 352
239 253
938 619
138 118
530 820
163 616
806 649
474 430
738 799
851 612
779 195
708 187
512 454
346 100
555 280
485 383
623 57
695 476
988 586
886 390
355 752
375 128
303 487
712 412
289 189
554 355
256 418
220 915
459 237
702 315
623 28
673 23
468 661
730 32
731 281
678 768
588 385
85 140
412 428
514 900
204 782
811 382
61 883
883 793
705 615
160 428
57 532
421 27
482 27
230 997
451 984
539 814
734 277
232 805
170 684
315 184
7 335
602 683
783 402
312 565
369 516
795 32
135 707
9 195
728 125
931 847
644 859
204 722
524 689
373 197
909 105
823 487
400 71
787 693
478 384
780 410
306 285
144 444
823 276
419 114
383 269
480 100
922 71
634 333
139 371
310 504
689 161
124 514
289 563
805 539
229 901
650 732
28 996
935 540
548 243
723 148
918 965
433 67
319 344
46 512
820 723
547 61
250 935
56 512
932 737
419 398
894 976
225 611
622 466
94 875
334 26
594 403
885 688
93 953
372 613
251 860
512 418
252 243
916 460
534 631
778 45
599 87
694 841
716 273
788 134
130 1000
406 769
63 705
760 565
195 258
535 253
510 905
169 995
72 552
464 289
337 565
831 666
716 503
147 980
367 625
118 313
797 146
891 123
216 305
469 193
952 229
27 522
735 186
114 340
981 991
908 688
545 874
52 846
588 904
327 180
443 603
647 769
856 496
14 390
217 314
201 669
854 770
458 52
223 17
677 95
40 517
433 323
364 349
476 295
350 280
77 534
268 27
568 625
491 866
952 656
478 636
705 424
590 541
438 798
337 393
597 603
175 565
162 724
823 233
954 360
771 850
497 707
296 626
245 689
288 211
490 200
457 897
388 743
875 695
34 141
162 438
183 364
650 323
530 245
427 838
31 684
656 688
505 894
107 990
634 805
986 330
685 844
691 819
674 63
103 763
108 935
34 990
427 245
414 909
316 683
284 393
177 863
759 486
758 424
178 535
826 88
57 882
283 240
126 816
881 45
497 292
544 475
174 650
195 941
697 691
402 369
354 22
579 563
585 690
639 451
543 453
636 535
717 311
888 588
934 775
562 309
249 22
822 963
434 896
663 17
900 677
282 124
247 660
123 938
490 507
897 681
813 277
687 268
429 12
177 243
305 6
657 297
70 262
533 630
579 692
366 665
457 835
610 267
854 624
868 834
876 458
328 240
864 386
811 653
650 517
228 617
724 886
680 500
677 111
99 796
245 518
931 133
917 90
297 981
63 782
103 569
870 357
694 23
567 287
437 118
313 56
385 475
573 938
171 54
783 163
376 664
285 34
381 409
846 893
890 693
281 651
765 371
677 753
565 884
661 424
886 553
240 846
428 701
602 144
507 220
734 909
971 365
294 18
742 668
798 642
485 653
570 613
578 56
652 791
726 96
912 748
986 789
491 337
240 223
593 733
886 890
282 924
635 38
28 136
467 408
14 463
145 108
455 331
293 60
351 689
813 949
268 366
895 841
880 30
457 291
846 936
705 197
326 796
69 342
218 844
105 433
974 747
331 423
26 187
547 51
190 140
865 206
175 286
925 39
847 264
837 226
699 257
292 169
461 718
887 904
999 82
432 476
984 729
639 59
714 462
337 465
158 705
571 184
866 628
428 63
908 369
587 559
676 789
8 889
42 600
405 842
177 893
671 163
360 443
276 217
190 419
854 666
780 537
51 859
1000 250
910 523
177 901
159 765
255 872
418 425
937 751
612 303
431 669
563 300
133 99
358 806
489 917
203 227
605 53
80 374
992 496
147 808
866 400
350 225
497 275
522 740
317 488
377 325
431 96
469 157
142 237
648 88
905 325
49 987
601 214
486 624
714 991
911 859
92 991
40 802
627 870
792 721
903 795
960 371
348 255
339 878
639 411
876 63
70 898
876 531
395 913
625 458
692 81
476 348
923 135
592 192
984 407
328 475
71 637
131 614
748 295
110 888
680 31
992 785
144 296
443 107
780 106
304 307
305 78
569 777
686 132
505 519
61 958
714 373
935 607
942 537
688 121
874 127
825 593
343 467
230 991
497 512
996 558
499 206
651 253
194 608
589 425
807 502
989 463
737 414
96 258
561 200
64 800
246 479
987 210
829 779
600 769
513 926
825 924
241 357
669 275
46 850
983 503
161 36
894 566
60 814
632 513
266 82
198 740
125 604
808 824
493 24
755 509
890 604
691 613
708 973
913 483
752 597
333 512
617 397
446 353
514 873
937 374
350 221
811 349
35 807
218 627
381 901
735 202
203 493
496 113
353 472
971 830
415 528
861 608
643 309
390 869
80 527
373 902
620 393
639 447
876 35
143 598
719 503
917 881
683 722
444 326
541 720
231 14
549 229
509 424
221 20
974 594
405 349
102 313
193 755
544 195
454 92
749 990
295 642
758 852
804 132
435 731
992 172
422 771
300 171
211 256
230 44
656 403
286 338
489 102
434 545
715 944
898 368
598 467
988 975
55 288
116 818
542 818
34 253
16 528
458 977
951 608
685 826
893 55
551 913
556 41
81 79
946 973
301 696
750 275
661 290
368 530
885 772
87 326
367 950
190 85
919 83
326 255
32 339
360 800
824 239
574 831
96 874
337 528
963 740
648 780
846 691
795 943
796 412
2 661
247 162
450 832
17 291
420 952
791 908
355 197
139 784
776 63
722 935
193 400
339 697
127 318
347 918
296 132
957 81
781 131
178 88
72 683
400 226
735 972
908 778
838 801
977 825
809 219
136 523
601 345
966 419
625 611
866 783
540 460
589 813
280 709
983 359
945 245
548 86
383 597
186 243
168 410
21 613
633 330
546 595
604 477
99 349
400 573
31 239
888 120
488 532
638 36
620 599
962 197
201 423
102 250
722 3
409 690
675 139
234 441
722 146
190 388
130 557
285 432
158 166
738 1000
48 316
897 423
165 426
96 552
740 193
336 7
257 153
122 536
12 814
640 463
669 76
436 137
359 969
717 832
220 78
289 259
26 853
569 833
873 578
90 348
751 673
916 586
556 593
460 382
523 664
249 501
411 898
900 70
278 470
886 891
668 42
407 182
730 287
866 511
72 136
232 591
544 87
123 762
269 2
861 936
862 131
554 848
961 882
744 638
619 890
876 107
70 54
244 973
923 186
562 470
981 480
909 67
322 831
453 71
606 23
37 280
296 926
160 112
652 299
598 619
638 388
805 771
275 776
26 90
338 152
697 335
563 530
433 116
658 615
935 805
827 164
476 14
965 222
841 960
314 64
225 379
46 379
952 177
585 459
768 677
880 697
315 342
997 862
200 182
37 813
8 969
560 150
152 143
251 709
34 37
676 756
976 870
370 205
428 493
177 555
750 344
953 186
4 556
403 542
834 719
105 281
15 428
308 218
898 892
403 70
740 229
869 455
195 296
233 637
414 970
553 926
772 696
80 216
317 261
924 787
561 623
856 585
380 363
754 152
203 226
242 547
502 946
397 318
809 710
222 301
556 565
9 782
916 966
328 789
235 674
165 179
810 184
98 246
830 191
302 500
548 415
78 404
429 911
253 715
344 217
383 88
296 92
378 824
416 597
774 924
136 628
377 128
303 744
254 989
550 667
794 153
44 520
111 99
562 77
323 579
429 592
984 713
155 213
221 160
576 81
27 619
448 964
585 520
558 80
559 761
603 569
31 48
287 986
115 195
791 474
560 852
172 394
689 48
736 684
339 395
124 627
380 741
509 726
897 35
577 859
157 363
30 139
12 434
159 301
698 177
220 269
205 253
696 594
713 404
733 969
702 616
940 165
392 403
301 605
855 90
324 642
568 644
113 849
829 891
230 698
337 777
416 376
894 567
110 161
642 682
293 558
183 821
133 53
854 385
638 568
347 449
39 399
899 626
118 396
213 488
325 750
825 238
610 620
597 338
322 304
565 975
714 542
701 500
204 812
687 833
598 100
431 7
492 119
30 294
352 930
95 170
155 65
987 855
964 901
884 744
681 137
972 440
473 331
107 217
224 475
386 934
494 831
499 595
207 258
245 123
373 54
567 546
514 426
848 393
718 698
114 882
481 93
689 912
641 981
256 541
643 99
629 406
653 134
362 219
791 280
667 790
45 982
706 816
254 84
291 42
755 721
297 733
283 926
12 455
196 100
289 846
567 23
471 162
353 977
276 444
578 844
433 70
414 70
237 545
681 769
793 383
757 498
301 560
820 544
416 422
362 558
751 200
633 60
437 126
165 433
459 504
738 965
371 226
930 147
531 950
642 543
276 638
502 681
945 630
413 440
677 731
90 724
540 581
405 724
490 785
374 943
655 180
638 596
566 273
532 161
812 625
541 45
48 974
236 583
535 947
730 241
248 817
293 306
49 768
896 489
218 421
942 234
683 885
413 1000
471 810
274 290
956 842
4 207
334 850
744 756
66 896
65 179
35 595
986 832
369 625
153 572
886 62
853 431
49 108
771 500
205 880
701 107
481 8
173 466
46 160
444 363
248 348
780 461
670 969
6 889
454 340
365 807
258 483
595 310
30 948
830 691
724 146
582 80
610 265
538 218
560 574
23 918
852 318
605 2
441 437
724 880
484 509
772 397
619 362
381 83
440 635
242 699
372 266
656 271
305 375
949 902
298 520
560 235
875 681
215 93
313 651
914 81
82 754
444 909
440 456
958 910
907 380
926 168
522 937
552 893
266 173
946 833
713 654
566 984
695 618
823 593
555 223
33 169
397 648
270 174
253 459
960 988
557 662
730 250
346 707
972 147
377 687
79 632
47 158
359 728
964 846
310 483
308 682
458 251
814 404
563 180
602 722
217 368
53 666
735 914
227 651
305 757
378 805
179 812
182 669
918 257
558 1000
67 847
885 67
210 829
637 994
196 760
786 983
144 83
54 714
715 652
336 467
19 885
918 99
387 761
391 161
214 780
250 573
433 107
318 830
814 931
905 965
334 569
508 408
720 784
497 649
639 331
315 504
220 640
693 707
486 323
345 877
452 183
36 438
591 164
79 496
16 970
551 634
148 191
663 616
707 840
451 6
783 520
437 39
440 373
148 46
578 551
806 543
256 135
76 312
24 227
320 842
786 547
450 197
276 825
573 986
360 234
877 827
180 413
329 893
240 384
886 523
468 656
51 488
638 620
821 148
750 42
948 531
7 729
393 349
433 664
671 445
514 899
574 816
218 490
94 345
423 617
429 748
160 431
74 749
971 105
297 10
469 268
813 747
491 460
130 698
293 222
95 198
758 386
943 116
52 232
895 20
683 603
353 156
305 785
412 531
586 354
325 222
363 39
183 720
205 824
442 474
424 161
353 13
995 682
174 13
710 195
808 71
202 506
404 530
823 310
139 283
546 839
528 326
412 817
76 921
991 591
372 61
836 908
304 309
548 24
699 412
115 853
866 679
922 245
887 799
512 633
431 340
956 404
154 906
245 330
12 476
90 524
16 935
149 846
510 353
992 480
276 409
244 277
281 261
926 439
910 856
267 246
898 396
868 738
48 487
593 189
918 570
479 912
724 765
284 477
105 363
747 692
570 231
882 149
167 119
884 507
651 810
637 157
252 125
825 19
994 938
869 506
997 309
655 851
414 551
610 762
905 52
946 664
179 315
968 660
994 652
946 619
90 277
734 730
725 509
302 422
433 533
969 939
463 275
738 403
776 5
706 474
668 231
675 793
639 552
499 413
20 679
891 715
982 742
308 529
97 834
204 610
421 864
250 288
296 968
411 393
801 769
839 969
533 750
170 816
559 446
961 603
357 626
818 196
638 477
362 216
179 514
519 604
461 660
563 680
585 160
345 907
862 660
633 172
28 852
270 885
876 624
492 957
328 38
96 194
517 432
158 942
395 456
159 371
253 116
918 996
595 857
176 103
854 998
893 68
858 591
833 825
46 914
436 810
807 357
702 517
25 867
385 621
797 517
860 576
238 212
172 578
530 428
488 375
930 370
845 377
716 391
420 708
722 752
246 722
798 677
368 110
34 558
922 319
128 148
97 531
354 162
463 964
838 656
697 688
353 506
596 418
762 918
948 487
934 790
256 937
558 610
192 983
869 803
287 456
24 784
900 273
761 199
923 208
391 837
625 890
736 515
843 473
2 219
425 704
282 123
945 265
212 248
870 845
49 429
804 43
239 406
261 848
390 380
338 69
68 366
571 145
224 36
701 558
228 532
444 569
598 926
856 746
875 775
128 826
241 743
6 831
105 112
486 311
492 816
382 356
629 941
650 354
447 424
358 765
841 661
298 664
794 517
689 345
873 4
622 324
911 494
272 807
185 10
560 458
301 676
584 448
821 413
803 702
128 358
424 989
904 455
298 954
741 150
21 861
893 315
308 119
418 499
129 588
958 233
688 509
919 110
601 940
428 696
674 800
217 955
215 640
753 217
402 31
441 707
152 522
462 875
343 925
588 237
769 909
792 474
653 551
191 504
263 927
127 510
592 135
887 464
13 857
910 25
126 674
363 284
938 309
311 532
226 611
835 698
322 539
144 807
980 56
895 219
108 255
326 66
19 662
446 100
369 749
244 975
467 104
474 852
995 542
580 752
129 627
771 241
724 183
562 54
712 663
140 992
1000 938
704 299
600 492
799 180
432 430
442 123
817 93
528 136
881 472
324 123
431 70
73 317
523 955
762 512
760 97
894 428
594 937
976 500
746 239
547 914
15 648
387 711
402 703
735 488
559 618
775 130
959 353
17 796
663 497
590 135
973 5
462 570
247 288
81 605
52 306
548 671
574 667
385 597
685 546
355 835
1000 12
540 654
69 866
881 392
161 744
553 702
860 814
611 368
422 209
781 406
764 306
268 559
695 826
900 36
169 54
116 563
339 642
140 497
454 209
294 878
61 81
523 868
572 306
170 970
245 22
853 852
503 834
631 582
870 954
211 11
837 195
359 131
586 69
385 171
573 329
222 905
760 304
465 756
230 436
50 774
514 153
770 15
202 733
24 661
480 471
814 956
932 271
534 463
120 173
798 464
671 98
139 85
159 158
400 519
926 436
660 256
384 11
116 840
579 336
823 950
967 745
16 582
712 935
205 46
190 322
698 401
578 699
315 963
545 290
138 840
927 584
860 637
919 872
777 151
834 832
345 181
274 139
363 258
350 59
498 877
490 813
351 774
386 608
703 247
598 11
142 916
123 489
485 706
754 269
557 878
635 114
838 693
697 667
807 746
623 642
113 509
810 301
928 676
30 582
351 847
961 143
890 31
691 34
714 833
840 774
734 388
737 672
634 180
875 222
72 513
1 539
734 23
538 290
207 189
83 387
399 975
454 366
754 800
737 504
542 644
46 471
563 683
712 687
34 423
417 533
749 876
589 663
815 953
634 732
747 343
824 856
586 859
73 356
918 778
524 149
456 203
511 552
404 107
423 313
44 50
937 120
159 259
696 815
646 787
404 474
722 173
291 380
589 219
113 738
220 642
441 91
560 47
531 670
807 245
424 994
522 103
191 144
65 633
398 282
290 675
316 506
801 847
851 894
507 69
483 305
252 497
436 248
816 630
673 467
15 132
716 23
437 722
371 698
665 887
725 303
321 57
527 25
921 890
354 163
338 732
714 899
970 489
844 258
247 693
776 34
27 120
804 656
671 746
991 450
633 674
689 720
480 243
212 27
70 969
623 791
331 447
758 122
482 801
283 304
361 560
912 320
861 867
61 379
279 292
377 190
860 555
747 87
571 434
865 209
260 663
64 687
419 159
239 262
756 156
131 531
239 595
889 821
798 409
629 827
512 721
513 136
253 23
552 690
681 978
171 268
707 878
245 947
121 765
30 193
989 564
662 410
775 153
659 29
507 261
72 294
733 527
993 674
996 199
584 449
158 308
879 138
658 906
722 435
137 511
377 994
460 232
604 947
807 110
919 656
797 52
321 251
621 336
307 824
824 142
860 724
574 990
422 91
226 696
172 694
212 635
892 229
716 59
511 649
799 972
90 695
782 186
985 46
749 61
143 324
147 641
246 473
654 112
565 347
832 294
920 289
636 960
819 32
861 933
308 603
829 71
35 478
986 674
495 712
313 948
157 943
749 100
624 102
474 853
516 294
644 755
390 575
121 236
999 661
840 606
862 307
809 325
850 363
706 967
728 819
909 802
838 200
453 358
950 577
409 960
871 144
656 79
965 219
107 751
898 132
737 148
206 209
499 73
139 40
181 413
534 403
58 72
167 670
759 352
408 55
814 643
980 623
379 540
909 661
237 598
94 993
348 273
850 943
615 365
486 419
722 373
87 613
617 89
333 157
195 15
731 193
845 121
189 35
116 523
190 310
251 804
618 708
431 665
74 934
347 42
669 45
762 896
697 412
825 215
165 350
132 169
407 497
564 180
658 337
476 788
846 750
703 291
156 934
673 372
273 653
677 324
91 667
641 5
611 448
829 393
387 138
511 723
236 218
597 950
914 137
457 370
184 406
317 198
405 262
749 323
622 691
550 444
956 995
540 226
64 43
563 3
156 763
402 588
991 683
804 398
187 388
206 480
939 917
444 301
361 665
801 980
786 423
182 409
59 206
975 84
11 803
858 834
948 796
510 133
862 702
876 929
23 984
328 12
515 352
438 81
496 834
615 179
194 717
693 549
162 431
439 953
543 39
402 529
795 19
646 820
495 390
279 897
214 490
507 348
90 812
206 894
817 427
637 42
712 223
758 64
750 379
370 127
488 93
426 189
635 969
564 507
337 818
994 936
117 823
29 225
251 945
203 818
459 140
226 479
354 442
178 620
839 353
569 133
18 133
645 56
976 178
61 801
711 299
531 65
166 100
463 994
131 651
104 491
217 140
469 742
467 841
244 755
823 507
670 960
87 851
914 237
611 77
577 45
288 464
472 365
75 824
424 240
787 378
979 350
907 763
486 882
966 40
553 85
457 72
519 952
558 806
226 279
230 375
396 490
365 832
667 890
453 215
282 404
654 612
310 302
735 539
791 277
116 489
979 45
139 146
695 686
768 578
269 523
773 158
188 957
300 167
546 587
930 30
291 444
296 518
79 261
11 45
20 477
751 503
399 386
774 330
262 126
300 453
196 246
72 444
381 174
916 143
100 362
617 896
689 307
566 91
759 558
100 505
34 839
693 332
755 191
747 803
589 60
411 783
741 193
579 250
119 173
947 638
960 554
159 838
273 659
237 98
19 83
937 436
259 576
511 660
445 230
375 357
765 573
434 377
97 529
792 623
613 761
943 456
925 685
530 223
606 370
610 849
592 300
459 871
333 770
230 934
1000 513
505 165
469 450
222 10
355 423
473 326
866 41
294 518
153 946
889 504
50 26
508 802
533 671
970 91
432 103
875 781
524 886
407 850
529 200
279 669
913 809
932 19
808 1
97 78
47 831
634 287
12 49
362 58
970 829
735 639
923 609
357 997
283 974
358 6
766 387
866 338
718 294
591 92
903 955
646 722
279 747
746 102
855 328
694 206
287 812
816 120
11 166
414 161
641 99
38 765
573 820
285 396
161 134
290 482
470 415
111 142
259 881
422 751
617 13
502 537
87 241
968 865
384 786
963 934
252 423
972 936
151 517
647 640
786 804
436 221
959 771
483 90
601 803
257 464
344 2
180 218
865 854
508 155
294 102
905 195
877 7
623 487
169 216
227 430
35 739
87 682
588 973
934 161
592 264
852 810
583 74
309 385
718 983
973 790
443 759
636 560
395 616
217 486
914 324
648 360
724 467
265 622
875 153
676 350
714 233
371 888
681 480
402 702
149 698
740 837
615 859
468 384
184 823
645 726
278 897
465 654
582 179
605 242
704 301
244 30
410 424
235 911
419 186
774 496
29 551
376 253
257 609
993 882
650 693
577 883
816 149
393 676
600 524
733 880
797 723
102 769
470 805
362 722
920 2
993 604
560 25
604 350
923 905
484 65
195 14
802 58
56 840
884 482
663 846
925 160
998 606
930 214
241 205
10 858
846 973
425 279
599 175
600 982
490 823
52 82
860 697
762 888
759 421
865 357
907 968
787 142
881 31
518 738
332 337
877 235
364 962
900 38
792 679
408 924
209 811
966 64
394 975
535 730
904 944
505 93
677 165
550 445
631 625
870 606
869 889
505 462
822 797
457 83
524 687
925 808
329 105
655 895
900 634
850 445
399 794
938 228
824 313
274 813
629 47
317 649
425 463
750 845
267 339
353 954
228 607
687 432
342 99
344 648
736 154
63 623
64 519
284 840
200 71
533 139
443 445
707 920
409 765
104 739
31 338
91 495
722 199
116 842
300 369
471 504
57 412
648 729
445 541
466 536
103 717
56 868
788 29
422 311
890 647
198 846
314 932
218 56
536 93
95 722
155 537
119 200
554 647
255 920
772 664
845 382
969 846
604 747
713 993
5 297
282 942
946 505
434 293
330 914
558 730
382 582
681 141
592 464
443 718
53 427
605 630
540 199
46 136
175 364
70 114
74 153
40 33
825 740
727 948
128 857
258 27
334 310
283 628
766 277
453 172
606 866
534 143
792 538
775 150
595 399
79 230
658 683
742 509
375 764
84 767
505 550
788 765
71 787
651 143
393 659
417 373
90 471
333 185
175 777
814 696
450 503
573 815
371 875
674 454
452 424
916 127
276 158
480 561
959 443
337 984
673 774
690 860
821 390
859 127
552 901
39 73
812 335
160 842
63 71
327 338
994 589
609 292
125 635
161 971
830 398
411 780
877 913
313 482
976 366
498 542
528 807
963 632
921 888
443 524
27 205
251 299
14 501
256 829
413 196
244 720
781 301
490 688
74 435
899 190
389 640
487 221
239 844
583 45
648 333
616 577
376 294
467 81
839 793
157 890
106 770
219 112
991 627
657 291
733 472
292 770
576 90
773 725
495 874
68 814
211 291
374 829
641 320
14 742
722 109
297 846
617 833
983 886
362 876
471 66
984 490
292 631
44 16
870 396
11 217
620 739
987 224
807 437
310 887
257 377
154 739
963 139
513 936
932 950
534 582
383 40
172 771
285 60
933 752
932 773
720 259
645 555
708 876
530 636
809 563
152 670
411 891
896 854
341 246
68 594
240 503
664 377
114 272
795 529
816 532
982 97
897 441
114 355
374 145
491 343
402 316
924 89
491 484
364 110
222 84
635 429
230 579
321 805
909 412
344 194
970 154
93 473
995 805
636 561
875 267
69 336
759 664
400 195
960 11
11 603
853 304
731 388
762 545
371 457
278 23
643 806
192 212
121 242
12 71
231 77
888 282
112 475
12 377
974 911
6 621
906 599
67 593
819 670
715 529
827 187
668 800
818 282
361 477
178 646
372 251
634 530
175 518
68 220
305 262
694 312
695 17
612 913
181 876
647 146
524 351
200 187
916 209
628 91
375 970
431 980
128 39
592 764
426 308
745 18
746 381
294 455
149 448
858 194
367 900
318 88
930 326
74 932
56 167
420 648
459 226
276 948
777 201
935 162
416 63
401 301
75 466
613 862
227 239
561 755
526 895
752 446
659 90
274 68
773 942
556 562
572 931
191 537
468 882
623 506
114 534
421 857
545 816
360 682
992 747
916 841
277 709
64 190
429 906
396 213
472 208
532 665
577 496
209 980
378 837
362 462
605 386
456 647
588 720
737 778
611 817
334 680
965 778
362 337
571 399
963 461
831 977
799 375
162 600
735 545
793 810
883 319
598 763
949 695
295 613
465 378
27 543
840 346
383 616
42 772
666 250
337 320
279 701
709 184
470 608
306 765
595 833
82 404
814 669
491 711
789 97
756 500
464 221
85 644
546 374
485 186
626 936
404 432
82 694
198 828
327 728
715 826
882 145
441 941
828 350
112 853
712 336
416 381
950 766
627 415
904 386
137 53
603 134
472 900
551 94
646 374
998 677
450 967
624 518
180 236
854 523
249 455
810 246
613 707
434 290
951 843
255 334
773 694
83 569
502 229
1000 551
844 360
488 137
44 820
889 369
743 634
246 182
88 16
259 179
424 129
444 9
931 850
685 479
740 798
563 831
675 345
550 523
438 128
385 52
906 766
543 231
533 829
680 287
129 15
665 109
728 523
196 97
713 345
920 349
426 490
707 887
86 592
140 536
165 649
457 740
581 739
676 521
436 524
402 642
574 628
853 276
835 104
86 818
747 660
522 185
308 946
437 396
646 48
833 607
261 513
669 241
137 448
502 674
802 466
513 877
218 29
552 789
690 157
739 917
372 870
634 434
708 920
359 892
51 439
716 387
86 872
132 220
70 815
688 420
440 421
782 306
858 355
315 141
565 211
531 95
791 657
278 460
598 133
680 754
551 305
402 360
421 476
361 795
514 617
666 604
424 95
390 820
869 815
691 3
430 469
344 150
235 178
240 999
334 625
781 14
899 95
540 404
245 459
339 10
656 184
505 374
624 204
560 676
387 640
26 64
889 216
267 374
323 560
201 254
917 272
244 4
67 517
533 992
914 802
202 528
728 632
250 772
185 948
878 206
385 129
668 952
971 841
898 449
132 825
832 581
372 390
927 862
106 342
72 474
589 363
534 724
992 283
21 271
99 995
101 81
871 557
413 117
159 625
661 223
369 281
774 86
7 957
821 409
270 401
219 315
534 566
459 360
721 93
995 394
683 933
873 810
13 657
986 75
255 962
717 233
539 713
591 688
904 346
25 663
676 187
915 58
735 453
300 218
702 991
931 933
769 897
368 396
792 478
959 914
799 969
806 3
844 466
830 133
999 566
122 230
286 935
469 371
198 339
457 347
848 932
334 947
700 438
395 541
326 55
329 871
442 592
238 261
302 188
531 454
182 662
952 625
737 749
746 629
601 270
639 194
362 378
149 696
875 40
468 386
914 612
448 354
455 900
386 141
542 688
121 354
179 638
418 794
954 241
888 444
135 155
103 231
452 45
866 527
56 765
297 792
816 312
279 664
301 192
358 435
659 850
915 700
591 163
150 431
813 165
372 363
245 995
357 249
335 954
141 744
769 7
817 307
251 731
437 34
833 741
190 426
814 608
871 593
275 424
371 723
305 643
122 727
48 734
532 632
993 731
21 517
27 157
708 833
493 45
935 218
702 291
232 291
667 275
838 931
470 487
661 582
994 741
811 473
744 900
952 209
822 118
919 359
190 881
783 196
644 158
960 731
963 217
818 872
269 32
772 788
826 955
245 97
415 347
700 507
95 483
377 138
292 101
466 432
488 648
141 328
145 653
828 390
421 552
616 952
837 80
968 257
845 581
371 194
253 649
215 333
144 338
272 423
475 160
662 244
3 537
349 977
599 555
121 600
942 209
751 476
953 397
862 991
892 698
940 125
121 713
341 760
427 107
594 504
388 591
650 294
523 60
266 551
30 28
379 426
472 760
16 698
518 241
927 935
825 933
57 19
811 150
764 877
964 440
68 757
507 447
551 933
399 111
275 53
830 257
129 997
379 121
108 601
15 63
570 962
165 494
636 349
845 380
976 501
868 35
706 130
635 808
618 950
87 409
454 900
237 12
735 285
759 395
513 595
237 413
972 208
496 25
773 897
665 776
635 118
156 588
22 363
423 665
677 246
771 369
311 600
421 392
351 843
482 166
322 607
931 631
108 172
131 127
577 467
540 193
305 931
581 507
17 132
329 186
917 537
369 681
248 326
505 345
783 668
712 580
947 415
162 637
879 984
571 283
352 83
172 326
625 563
344 759
614 492
719 48
81 336
25 92
263 46
357 863
637 719
785 554
22 307
955 760
7 37
324 447
805 648
486 115
828 639
353 601
989 644
604 22
107 982
935 350
438 338
760 780
65 682
727 216
733 551
333 409
669 351
837 126
980 896
945 477
60 858
497 480
400 879
751 948
39 472
77 869
267 725
130 827
57 777
111 442
338 950
688 421
726 237
229 569
352 870
675 457
190 958
448 265
13 991
655 80
126 824
770 762
790 761
297 52
155 434
85 61
146 31
273 67
460 567
468 26
364 155
83 325
11 549
448 592
169 300
820 6
173 460
502 440
589 964
567 225
370 388
550 155
98 269
525 8
139 4
535 83
409 127
31 208
274 883
24 674
22 509
620 936
516 755
81 992
633 339
514 783
720 697
25 169
985 811
345 644
418 72
936 533
558 364
179 39
949 817
864 855
29 787
410 791
105 149
113 642
918 743
760 663
113 287
877 704
401 549
493 183
525 521
527 298
329 409
52 202
551 290
898 770
294 187
777 211
595 692
209 401
427 358
227 275
817 722
877 994
489 929
428 144
161 711
470 331
591 977
783 336
697 358
519 453
8 221
652 670
688 687
451 999
459 772
207 418
541 478
339 858
17 34
914 304
791 922
606 143
136 607
985 306
16 501
932 163
556 113
538 358
116 270
895 208
886 318
923 288
601 435
396 480
272 158
516 433
991 593
171 928
651 410
120 952
541 770
603 933
286 499
201 153
495 795
281 17
390 349
125 298
823 41
914 775
699 487
607 662
684 369
520 658
979 855
564 943
306 727
695 19
163 162
202 900
342 692
388 709
723 346
154 547
600 527
651 38
319 188
699 818
348 412
920 5
336 444
214 364
726 757
358 621
640 132
548 565
287 547
825 904
60 915
955 541
629 686
172 993
270 370
333 529
228 472
502 747
659 382
933 421
286 747
293 644
720 112
204 33
21 629
80 223
29 138
392 378
397 678
368 346
354 261
431 507
344 918
986 846
75 421
203 104
22 684
460 409
703 303
467 463
683 399
832 407
227 463
134 873
448 480
416 654
109 783
537 838
610 788
407 64
725 197
302 366
654 195
731 988
350 410
94 612
448 829
219 762
345 324
496 521
525 80
908 88
179 556
509 269
1 476
757 487
478 536
172 355
463 364
763 698
162 713
895 425
257 251
686 140
335 806
624 499
755 380
390 456
449 780
196 15
849 753
20 829
771 543
188 763
561 119
983 824
430 680
659 734
436 685
733 849
555 593
239 24
133 651
81 202
484 145
211 999
879 488
592 730
845 136
848 372
810 850
561 849
708 128
432 907
234 523
882 143
310 940
958 840
946 944
863 693
403 107
406 798
536 751
262 722
564 374
693 875
40 714
440 986
557 583
687 616
749 223
476 837
208 799
173 803
924 253
139 927
29 287
105 681
89 44
416 972
694 531
56 419
683 782
460 445
959 981
539 836
986 981
336 560
363 219
588 784
274 328
717 756
350 487
248 617
981 335
217 434
680 822
771 385
773 563
580 791
136 648
412 589
253 601
605 484
827 918
957 295
390 616
733 320
148 586
240 731
519 965
496 565
808 789
757 692
865 57
519 602
477 307
831 836
542 649
768 582
352 976
811 664
115 823
577 542
559 666
432 107
261 512
664 902
223 805
40 163
97 566
149 179
315 663
997 927
64 917
671 210
698 200
654 932
807 402
831 280
48 104
663 799
686 612
823 926
741 278
95 674
868 994
138 873
711 596
859 225
109 258
261 109
358 791
933 571
437 684
310 682
132 222
152 564
652 917
360 665
821 214
808 683
385 946
942 954
690 625
522 320
468 837
933 170
434 373
236 169
921 893
188 324
578 92
598 155
887 344
275 692
948 382
397 464
478 5
868 437
687 979
106 732
838 293
394 223
992 661
558 612
389 653
202 855
325 783
771 509
562 298
506 936
36 965
336 493
145 699
791 918
991 636
116 346
170 798
671 882
864 300
166 802
558 32
304 243
654 759
913 591
555 874
864 209
461 771
478 867
593 974
944 291
874 44
67 293
215 229
570 468
343 129
561 191
985 859
767 537
596 128
457 646
29 786
287 590
756 349
778 27
848 711
147 710
612 316
802 121
103 871
738 52
808 873
312 120
356 321
342 148
125 540
53 303
938 103
917 562
812 588
155 371
122 204
15 231
806 182
791 582
848 888
332 297
1000 323
285 637
514 809
880 297
142 149
562 541
527 113
19 782
539 311
577 120
338 588
174 798
670 974
179 132
770 993
771 328
300 945
601 483
892 678
967 308
326 68
933 484
936 408
477 40
353 250
637 778
886 761
966 116
787 675
251 927
667 137
460 905
396 481
475 440
809 328
684 588
150 208
278 901
337 447
895 436
457 870
844 886
372 87
192 501
283 942
241 820
604 630
847 166
941 93
279 666
283 863
896 542
827 871
686 339
85 892
357 231
488 874
732 21
788 295
591 338
707 817
580 193
412 714
381 338
147 262
572 573
779 253
410 872
621 636
345 385
76 311
714 498
591 624
793 425
461 363
355 760
690 867
659 272
843 543
932 804
863 592
503 65
506 743
712 390
371 162
226 742
688 415
255 619
526 979
213 476
285 831
694 645
716 453
178 552
790 866
591 775
851 938
285 577
951 864
522 816
340 560
709 958
394 971
752 390
593 577
500 445
463 811
13 200
962 341
411 309
305 778
728 458
554 975
169 162
830 528
923 158
83 493
945 506
378 691
92 357
273 453
989 312
779 639
9 777
162 599
605 161
274 809
222 627
405 433
11 806
28 728
177 50
196 362
895 830
141 471
605 210
219 923
903 232
477 351
153 57
638 138
586 801
435 887
827 73
187 214
435 99
270 787
91 370
862 989
224 849
478 970
124 551
863 35
788 315
662 468
794 724
582 607
967 743
915 952
937 784
498 50
426 279
959 387
686 585
661 277
419 662
354 597
671 428
185 437
540 633
885 984
119 196
158 384
532 149
682 774
60 662
209 472
891 132
294 83
80 331
1000 268
730 189
90 284
716 120
256 678
97 520
242 499
406 744
464 569
391 768
929 641
14 29
715 176
809 955
773 784
51 125
402 690
843 212
979 500
688 967
249 151
856 105
420 242
80 663
945 405
617 923
875 212
602 516
456 678
708 102
135 942
526 261
2 97
771 443
631 544
27 734
28 653
451 506
972 488
362 195
699 320
535 191
766 360
414 285
491 634
276 358
716 788
680 258
2 818
853 809
675 9
569 526
896 298
589 499
699 159
703 639
129 930
124 286
984 807
884 256
530 882
949 844
885 666
642 833
581 625
964 271
413 31
215 919
56 772
440 419
186 651
100 117
321 352
138 790
547 654
604 933
255 811
664 498
929 978
735 482
129 746
702 249
942 840
105 763
823 547
517 204
406 517
833 239
338 839
890 663
403 44
43 714
541 327
374 56
722 434
327 146
274 282
925 601
341 274
628 890
559 148
725 252
31 559
236 479
109 615
228 490
210 702
136 677
766 603
269 833
151 503
33 840
965 975
896 714
977 813
558 182
481 226
126 212
509 308
201 227
365 944
149 899
813 412
852 326
126 39
439 222
851 134
898 301
771 969
519 351
704 484
559 558
176 13
992 431
223 681
685 900
393 796
949 831
825 769
989 526
775 151
134 37
414 821
16 644
55 573
350 695
51 758
110 87
707 3
47 610
69 998
30 372
679 204
151 512
78 608
261 64
769 533
203 241
994 732
886 598
977 906
453 315
428 838
130 908
260 31
833 203
131 266
155 400
704 279
177 406
152 596
189 113
706 285
653 770
377 401
912 388
344 198
363 469
518 256
978 637
743 447
448 164
505 53
378 813
344 885
679 707
352 320
338 367
546 968
598 497
434 322
344 996
987 504
678 441
424 367
477 88
745 696
213 718
904 89
37 400
776 512
82 251
390 704
256 690
654 545
420 383
974 770
524 117
331 928
528 112
729 657
876 544
902 537
922 264
376 770
304 111
486 379
846 491
258 656
408 630
206 74
559 962
907 37
964 18
175 981
90 931
966 576
193 745
24 461
246 806
589 268
295 129
116 994
931 393
381 450
163 531
225 830
686 669
467 917
731 116
806 614
129 560
95 741
100 13
393 107
985 705
877 819
949 422
570 813
476 597
872 77
200 714
994 736
834 25
530 382
605 986
731 643
270 61
808 612
695 868
477 583
460 411
812 960
694 144
511 824
972 318
739 29
577 170
338 670
925 656
984 212
126 705
821 559
697 753
772 229
725 195
50 509
676 409
507 574
788 395
425 871
10 863
487 81
926 450
729 305
892 715
828 163
666 258
114 839
830 529
696 591
16 467
478 399
235 374
862 273
224 133
49 494
250 601
895 427
664 573
997 647
182 189
277 103
81 814
127 243
33 662
223 848
372 330
335 582
998 130
659 736
203 748
989 453
348 499
359 468
959 317
546 370
536 388
205 233
381 486
203 970
366 10
21 693
466 676
185 436
385 525
869 482
454 616
809 527
461 282
214 153
501 515
137 138
878 387
238 802
403 331
522 831
743 771
174 522
691 239
380 503
865 657
991 49
756 842
298 302
122 170
251 258
288 264
911 784
289 233
165 94
994 486
243 934
468 1
142 326
553 445
681 240
908 905
951 613
581 504
418 524
218 778
311 379
60 57
706 615
981 431
715 767
199 550
771 161
754 859
179 522
898 36
439 68
917 711
541 968
893 649
434 580
736 204
145 986
980 463
799 117
684 315
997 780
915 761
457 543
426 847
31 317
894 495
837 112
56 551
879 409
241 477
3 788
688 28
335 715
531 566
294 432
155 986
266 337
636 115
380 87
642 532
276 778
121 949
450 5
91 797
886 728
208 991
229 935
975 486
433 786
933 569
825 160
422 54
958 68
892 216
515 853
234 926
520 353
539 527
846 697
433 728
195 521
456 775
218 426
872 930
248 681
247 805
708 713
855 554
187 807
294 862
856 471
51 119
969 728
142 290
313 816
209 903
853 438
50 389
895 815
622 621
145 415
637 868
532 480
250 332
879 795
982 458
410 188
224 222
525 406
857 638
366 676
703 345
535 574
192 491
270 942
676 917
842 381
145 987
555 876
318 922
949 540
306 558
751 416
615 241
301 873
551 585
236 834
662 290
24 343
78 165
885 603
408 81
543 485
794 327
271 806
850 853
134 26
585 582
450 327
250 220
555 296
849 11
7 953
473 271
881 698
631 498
246 532
516 803
569 485
307 82
699 614
104 746
208 955
885 71
191 258
977 333
583 764
323 410
319 686
514 948
146 16
740 440
248 854
554 36
147 646
408 902
578 190
715 123
40 817
38 492
761 393
69 458
886 630
994 1
923 67
672 261
840 871
496 657
832 219
410 97
106 976
487 77
795 382
101 731
983 749
178 340
573 317
222 917
7 315
950 470
638 285
620 484
935 991
934 758
245 717
942 221
548 124
725 153
119 777
689 2
603 580
992 477
663 754
742 9
634 910
358 262
258 512
498 445
999 805
673 999
198 954
751 154
110 278
807 340
383 806
885 672
264 750
300 282
605 379
309 100
717 423
96 607
149 459
526 45
962 270
66 379
929 41
87 147
345 304
80 67
564 413
30 337
802 278
244 202
679 124
800 581
186 563
136 196
134 435
593 850
1000 387
768 281
111 511
882 164
527 516
797 130
730 167
126 996
237 437
990 653
873 693
303 190
929 763
70 735
204 913
657 445
891 841
654 87
277 704
904 950
905 451
415 694
36 825
294 753
847 320
178 489
514 335
632 525
457 38
934 560
166 654
306 549
983 753
552 53
499 268
173 51
177 48
470 671
699 407
171 542
45 931
804 250
97 362
125 843
957 964
689 46
543 159
780 835
233 122
50 608
436 569
789 251
479 741
592 907
281 268
379 561
732 507
369 6
740 19
565 774
802 88
327 727
328 719
590 235
445 904
599 107
976 90
631 442
315 840
264 806
877 790
511 616
402 972
720 95
242 271
761 773
557 580
796 284
566 434
934 438
956 602
574 921
223 53
501 435
765 530
971 191
221 564
848 834
373 873
14 483
921 791
705 120
810 974
13 153
752 189
53 680
438 686
790 563
826 1000
593 931
795 107
563 247
13 234
146 124
715 400
899 217
520 130
539 110
53 842
149 651
739 359
867 442
835 405
887 551
780 291
361 749
452 828
858 680
461 570
98 724
600 142
295 943
817 191
309 966
275 842
280 756
377 330
390 649
380 573
474 566
292 891
921 109
975 422
29 632
694 330
71 777
936 942
331 932
871 819
266 237
429 335
824 719
879 299
127 566
883 172
522 681
724 580
105 44
31 316
202 810
24 6
741 391
524 499
244 670
391 676
485 217
456 198
973 116
901 727
738 987
809 952
963 34
980 908
379 315
694 950
128 403
384 781
574 712
869 436
502 679
29 45
746 449
368 647
185 471
848 113
948 150
181 771
972 18
706 226
527 496
659 40
697 477
688 75
632 774
251 176
880 256
53 490
570 708
347 709
174 783
723 714
648 846
908 584
85 57
804 521
71 250
164 424
492 77
635 730
170 729
616 425
933 124
634 213
155 212
66 521
819 125
412 573
767 275
35 554
930 958
204 703
814 320
157 963
942 751
246 136
560 714
631 657
245 470
503 770
271 492
865 233
370 649
277 331
154 379
488 708
31 220
274 879
629 225
741 999
327 567
339 367
710 802
879 617
326 539
495 880
818 451
565 567
346 448
771 971
3 597
606 157
836 227
271 688
937 874
279 849
485 108
570 66
718 122
385 422
587 781
513 930
426 225
721 967
168 961
727 105
54 509
682 954
440 65
4 706
506 718
659 358
808 876
365 121
510 866
189 459
661 525
345 245
717 885
498 941
155 372
565 129
125 650
437 574
467 567
104 411
493 759
222 463
443 471
298 487
890 381
862 782
19 451
408 822
62 487
355 379
174 797
341 308
895 893
535 316
222 233
481 433
819 89
452 598
269 904
643 135
644 852
5 796
574 493
719 136
990 381
408 579
745 702
762 260
117 769
178 341
12 104
14 535
639 75
746 784
617 329
883 473
338 30
784 140
713 58
362 936
520 662
323 799
250 805
20 805
295 349
228 896
48 102
671 6
575 37
547 12
555 617
774 277
977 415
225 594
462 353
64 359
472 737
128 61
367 172
828 914
508 86
437 94
282 665
274 869
161 20
751 123
475 692
480 878
228 452
122 579
366 334
646 140
740 127
78 578
859 539
496 152
697 420
597 521
899 544
3 388
169 771
260 110
777 92
816 566
711 319
71 891
164 514
973 576
117 750
122 148
625 11
933 210
639 574
883 968
331 273
226 41
559 217
744 566
925 543
197 376
715 503
611 166
34 616
80 686
779 914
213 910
287 395
696 424
643 227
409 281
463 74
11 637
49 258
856 174
421 184
650 796
979 168
359 186
130 244
704 145
903 467
248 13
214 806
215 475
236 598
707 611
616 972
690 367
853 929
604 489
568 815
552 340
850 105
427 824
999 328
231 674
34 378
254 769
499 218
48 2
177 354
806 855
152 96
405 882
394 229
381 371
167 920
404 446
447 120
86 808
147 148
185 73
699 144
927 300
372 665
734 791
988 547
789 702
833 486
501 656
564 370
584 656
536 211
403 476
481 972
706 159
322 148
294 839
695 233
815 400
854 126
285 945
658 429
108 372
694 535
960 367
792 539
249 442
32 144
531 182
182 902
754 405
667 310
830 838
227 495
838 317
344 17
888 974
562 691
544 170
71 311
331 394
614 743
942 350
709 689
254 977
389 391
128 748
685 814
184 664
960 73
245 497
35 367
291 249
521 516
166 683
960 248
534 821
174 166
747 32
654 620
404 943
159 71
70 422
606 756
385 14
10 437
104 552
656 399
513 266
141 585
129 1
577 899
525 675
110 493
609 274
519 389
822 94
859 429
884 259
43 357
6 107
120 432
447 15
493 317
665 258
685 703
