1000 9886
217 651
938 365
48 667
566 194
696 855
439 347
385 660
116 762
392 152
156 337
182 571
12 909
622 68
330 588
848 1
252 377
792 187
113 37
132 105
61 861
264 33
235 726
507 813
50 214
924 76
946 404
378 50
431 44
87 670
914 182
678 39
23 374
961 241
280 522
691 408
328 598
518 975
723 555
192 33
502 258
268 462
573 53
984 428
162 952
605 452
644 768
538 271
408 616
207 152
209 341
283 696
163 478
71 569
202 312
295 709
701 834
225 137
672 584
941 204
582 120
73 45
864 288
918 205
795 311
997 588
447 623
741 631
408 181
836 861
68 231
880 649
721 651
115 132
99 779
614 94
410 638
476 115
414 30
146 936
533 204
948 863
747 584
346 227
183 500
793 288
681 700
817 410
980 818
217 630
694 992
313 75
523 200
618 326
142 678
381 428
953 27
812 298
411 707
69 995
622 241
61 671
134 469
341 255
507 235
234 865
535 891
256 579
773 34
812 584
773 947
988 179
835 390
515 516
165 131
633 619
450 555
889 322
961 221
264 315
286 824
711 9
108 98
678 210
739 448
209 993
675 936
32 934
931 562
644 853
205 777
634 89
136 580
502 409
805 845
676 326
895 82
511 572
61 406
923 295
466 454
358 248
287 180
168 578
978 301
900 787
196 370
81 807
269 762
628 285
331 769
260 312
776 658
158 818
841 972
714 322
474 751
976 677
10 333
12 307
675 117
767 987
881 792
404 69
7 104
65 11
751 311
811 898
651 93
45 326
194 896
911 423
894 293
327 604
418 216
220 684
30 987
409 523
402 708
973 59
167 68
925 184
394 288
238 43
833 537
753 354
256 432
742 730
605 934
60 637
464 706
602 488
454 813
174 604
431 119
752 260
313 652
959 287
467 323
17 721
216 65
435 225
164 481
518 296
64 181
299 830
528 516
726 891
213 796
895 784
919 224
316 27
101 795
887 684
654 375
748 118
618 88
514 474
77 95
738 60
188 221
196 688
268 101
326 823
61 442
158 524
144 426
788 899
857 487
741 941
762 392
874 334
384 840
20 740
70 464
645 835
261 670
281 240
994 547
670 964
514 30
93 875
496 891
659 30
390 461
379 578
488 1000
81 82
556 276
261 432
813 131
361 220
931 391
423 412
929 383
161 213
253 327
96 398
156 424
216 707
107 782
309 70
517 929
167 104
816 870
450 60
161 55
310 592
313 236
33 253
604 588
630 756
541 93
63 265
502 891
873 629
558 801
401 258
60 513
186 836
134 556
339 586
1000 368
714 514
495 556
151 811
522 653
27 249
122 169
1 966
844 272
921 789
586 22
914 226
134 985
213 816
645 483
946 162
250 311
400 2
678 373
865 338
691 202
505 355
311 229
192 275
870 934
866 751
279 504
940 152
802 583
565 34
594 805
171 636
779 381
799 118
275 137
699 34
514 202
33 748
550 895
756 416
224 881
133 601
44 36
567 408
310 867
737 437
186 437
354 787
372 472
853 546
342 304
751 220
39 240
959 419
622 363
164 903
347 283
879 550
781 784
817 607
711 595
875 909
302 892
358 776
826 598
70 635
715 548
989 796
96 982
709 848
636 208
70 650
731 682
312 814
226 908
956 458
464 537
32 189
450 708
91 730
554 222
972 321
187 539
260 837
412 648
855 660
811 158
329 382
764 643
184 599
170 598
762 12
709 515
650 566
624 997
786 268
1 716
933 459
187 761
282 223
771 113
610 59
495 559
371 501
283 699
840 556
892 893
92 297
686 237
139 344
815 889
912 88
72 773
611 556
651 453
889 850
961 685
517 433
326 537
702 912
524 220
50 599
470 564
733 446
723 324
823 940
432 155
694 199
57 258
578 932
996 491
633 439
137 698
894 270
290 392
256 24
382 739
941 679
200 357
494 11
650 75
464 42
449 666
711 678
716 760
54 499
717 17
422 375
636 423
125 934
808 878
570 789
113 998
384 666
169 916
385 759
557 633
63 496
360 777
859 369
436 166
830 82
877 109
647 921
908 671
130 571
114 746
597 143
501 282
545 812
35 746
911 853
697 729
22 996
544 784
260 825
502 252
554 837
882 630
973 781
524 557
148 809
847 361
780 278
123 983
509 498
770 796
588 571
477 84
656 155
286 618
783 722
671 861
49 454
433 103
366 583
58 380
679 946
828 360
888 451
797 791
463 263
34 485
253 239
793 112
465 423
363 940
747 265
875 732
183 309
976 565
206 78
858 569
381 252
256 117
989 509
992 534
759 971
615 359
963 222
485 142
797 270
884 620
572 570
349 975
405 973
393 909
102 649
431 589
547 876
128 430
646 96
247 309
873 894
593 544
728 16
635 916
726 333
375 145
98 322
843 739
585 905
151 544
856 598
907 626
503 205
961 960
731 278
325 142
221 956
593 265
298 167
173 825
651 617
645 91
423 541
692 26
160 443
967 96
421 12
387 244
875 449
213 170
754 510
616 483
64 488
505 100
4 680
952 933
607 175
205 859
223 292
559 72
743 479
502 331
912 940
622 552
1 564
313 990
619 226
782 728
796 566
662 818
295 831
6 694
615 886
887 973
391 360
989 839
857 522
608 640
718 581
7 280
908 37
693 777
840 499
144 314
953 692
202 704
757 402
7 425
27 535
419 125
320 519
715 787
93 667
499 220
23 461
870 509
375 561
858 869
474 482
493 454
665 443
333 29
405 880
33 784
764 967
345 631
848 362
793 287
968 443
873 201
622 332
470 201
290 291
367 819
205 180
707 78
837 959
986 411
803 611
962 405
668 419
760 580
320 721
851 879
333 673
782 350
290 628
576 689
350 828
42 245
225 303
921 875
26 513
388 424
523 735
411 89
929 644
596 402
174 352
268 341
514 669
625 134
602 497
222 20
335 351
467 207
784 763
896 965
827 575
934 881
968 763
558 957
288 601
849 820
222 822
63 589
118 871
862 589
946 50
123 927
306 341
344 928
47 818
10 593
562 98
547 394
583 440
845 657
790 114
594 915
372 101
286 461
569 823
642 201
883 403
701 542
742 490
229 269
799 113
837 462
48 777
894 49
769 166
533 837
832 709
940 969
357 169
127 563
849 257
135 510
266 123
584 242
983 218
312 405
992 375
385 351
190 410
961 372
750 690
767 752
901 724
632 333
685 701
869 32
786 532
273 623
181 110
25 530
227 509
431 746
786 935
968 990
769 659
54 391
21 582
81 347
712 451
109 397
915 38
961 292
503 181
859 886
217 980
273 794
471 987
622 726
544 379
817 905
344 465
202 165
445 109
765 932
344 64
299 978
753 996
471 825
38 452
773 895
759 138
943 67
394 908
182 787
734 476
238 655
41 177
62 601
283 412
675 910
348 702
393 854
795 127
735 835
667 163
120 820
598 601
527 599
254 387
148 628
330 371
295 711
885 227
596 106
580 535
67 636
799 311
313 386
439 164
462 255
324 228
452 49
384 305
422 857
978 105
67 666
250 780
987 477
127 582
420 232
797 293
755 982
367 36
465 100
48 460
926 507
450 464
57 370
59 716
632 250
850 849
841 530
6 484
12 845
199 673
860 393
589 69
111 257
540 527
891 357
103 925
566 351
769 767
610 711
493 65
280 476
946 709
176 491
471 526
366 288
5 438
977 909
317 356
748 584
730 207
824 8
899 598
458 266
860 172
254 302
730 382
677 341
204 873
322 508
711 122
701 160
188 469
279 14
728 194
2 401
742 137
886 23
976 985
585 552
70 32
571 525
131 956
683 763
64 73
448 808
693 901
14 619
722 631
40 482
975 212
384 690
857 557
641 616
917 772
719 211
225 171
524 995
729 619
947 476
487 303
936 843
831 666
379 120
373 388
871 133
951 693
715 921
810 959
560 934
210 227
448 660
694 305
880 695
721 757
387 787
641 468
740 23
877 635
404 421
704 739
622 433
548 572
72 333
418 329
544 50
370 78
794 924
172 984
431 573
587 955
513 828
492 445
313 214
93 918
105 404
756 605
800 831
673 39
657 602
765 665
344 363
731 361
878 488
256 545
350 833
691 647
468 788
605 981
403 675
596 520
389 924
655 401
712 784
43 862
22 534
829 414
133 391
743 760
451 968
711 94
363 244
625 153
364 75
882 520
548 960
979 478
223 23
925 540
468 89
162 796
625 362
992 595
558 934
316 21
706 749
324 59
415 323
330 169
314 562
98 349
819 295
612 695
179 900
933 275
923 261
463 452
909 234
724 927
89 951
328 345
358 117
505 528
386 75
272 415
491 549
699 24
349 671
337 191
814 827
200 113
137 476
223 863
335 589
603 725
729 914
306 837
367 92
115 495
206 986
335 754
428 304
578 540
81 92
264 716
617 34
375 854
948 327
587 982
146 656
328 755
876 740
169 561
693 238
108 962
110 16
940 441
890 764
545 431
798 811
846 567
544 737
561 645
527 408
895 754
566 438
345 50
787 71
576 690
298 152
217 254
190 906
913 365
511 842
728 233
739 97
227 387
677 365
860 949
75 215
956 692
867 115
575 642
899 839
905 402
231 456
431 250
804 608
304 758
501 66
891 710
766 982
123 688
469 420
914 371
828 237
188 294
226 187
185 152
252 142
361 576
270 597
770 850
356 953
326 915
649 704
409 107
868 933
158 622
782 548
549 359
435 699
720 951
957 514
401 701
638 345
505 579
750 887
362 92
469 984
272 364
755 735
521 955
957 627
399 614
737 233
719 937
975 339
327 534
909 577
508 324
254 800
257 638
831 432
941 304
449 914
964 87
698 103
495 431
449 515
105 161
169 668
336 123
603 479
971 531
347 285
42 293
833 598
765 383
769 658
937 528
259 572
759 321
851 778
899 101
177 847
217 938
90 472
795 527
703 142
63 303
907 957
14 161
952 34
351 96
924 216
156 114
485 746
640 655
626 280
188 323
333 934
264 179
853 95
106 692
291 602
187 541
917 622
799 754
340 245
30 873
736 287
97 776
520 112
199 739
867 963
663 176
739 310
334 638
425 674
69 243
508 821
89 717
614 529
637 976
710 4
861 232
478 584
712 616
766 319
966 301
788 581
315 125
651 455
690 419
818 364
505 607
583 552
948 991
295 548
22 356
63 600
64 554
746 986
582 364
567 216
716 822
533 601
983 776
188 813
613 283
63 830
104 805
379 509
729 970
822 57
479 590
744 469
553 560
124 431
906 223
670 12
532 117
543 368
555 188
739 555
815 646
928 490
837 886
208 944
302 670
29 190
350 835
466 1
377 712
934 498
350 245
562 901
959 901
763 12
661 779
633 616
705 907
687 783
246 469
53 341
537 882
527 510
250 709
26 489
763 362
838 376
193 127
994 26
209 998
156 747
731 889
753 737
774 931
666 296
62 709
176 532
913 881
516 298
23 234
176 950
97 350
177 190
123 838
253 907
319 696
433 707
818 129
701 724
277 125
28 996
595 62
742 435
618 229
68 198
713 143
732 125
327 827
681 937
976 567
980 627
698 172
989 507
996 393
529 556
961 85
216 891
967 760
141 880
881 639
94 892
628 220
724 751
566 30
237 876
953 203
937 846
384 858
756 696
301 763
186 57
698 369
47 524
468 567
251 929
802 275
180 99
554 336
683 124
575 58
191 301
303 359
424 425
703 198
852 524
392 34
51 359
325 652
215 552
455 505
820 290
861 718
359 669
715 141
990 769
717 631
758 365
231 423
431 225
804 589
930 768
718 911
592 495
244 530
80 531
173 618
529 466
89 363
142 287
571 699
778 815
397 243
296 986
465 965
961 984
356 902
639 233
473 742
684 920
187 400
960 144
616 786
448 932
747 56
692 719
931 817
435 606
790 84
849 744
903 463
135 865
343 888
14 870
920 24
779 338
931 111
310 120
607 754
883 863
576 334
944 482
543 154
158 956
382 350
111 900
148 242
119 665
146 583
774 245
650 303
190 508
871 543
531 544
586 669
608 189
863 927
42 703
404 442
298 837
171 465
688 197
929 237
747 674
290 289
294 281
155 613
11 505
884 598
739 611
308 234
426 48
160 140
978 751
146 435
967 800
768 506
184 241
619 759
658 425
970 407
109 201
347 764
76 155
433 519
514 744
97 626
204 946
461 633
965 545
835 901
438 675
899 847
377 83
840 853
288 492
71 307
148 123
843 548
500 271
706 718
102 463
230 656
748 85
101 471
254 282
456 685
199 655
774 875
403 890
541 672
423 749
672 689
253 962
496 547
577 756
120 905
905 813
671 646
818 246
983 755
41 535
836 982
989 144
239 497
6 946
499 412
500 963
11 968
999 283
324 17
715 928
336 719
746 118
859 829
370 290
336 350
135 504
955 383
629 588
613 375
450 381
837 639
252 177
551 897
523 160
356 119
764 852
466 755
741 968
821 395
593 36
674 876
333 353
389 31
928 463
792 302
42 437
61 631
501 624
912 979
565 7
267 716
455 163
755 705
616 97
997 428
820 107
482 398
190 935
850 215
52 908
346 609
424 299
443 537
298 268
728 377
269 631
237 265
493 671
350 56
867 110
43 592
943 77
411 212
899 171
406 489
101 975
299 891
672 511
752 45
600 81
374 332
925 884
729 371
982 911
36 973
53 937
349 2
118 833
537 423
799 416
215 358
143 856
62 776
305 53
954 426
2 975
495 782
576 488
794 83
776 762
906 521
390 366
905 986
600 286
987 430
555 866
556 441
188 597
229 303
410 459
305 279
659 832
417 445
660 495
862 591
723 329
211 669
380 828
113 607
37 825
242 829
793 187
902 503
880 327
67 311
855 461
12 617
819 843
328 814
632 252
371 848
559 789
817 414
974 276
377 892
987 707
592 809
169 520
478 974
7 964
811 102
150 948
730 90
203 246
938 111
846 620
481 520
221 743
302 526
543 948
17 366
332 289
295 314
407 337
9 770
908 666
540 125
403 758
423 715
482 5
299 953
933 138
222 37
437 987
706 276
1000 617
730 745
143 617
458 125
938 675
922 812
761 380
700 350
982 568
180 714
342 731
936 384
788 772
143 783
168 185
791 115
116 279
335 55
67 973
214 940
583 493
89 601
862 316
850 348
98 665
61 651
747 236
298 893
801 948
129 419
993 172
558 68
887 776
709 56
318 376
223 980
814 797
232 441
214 761
381 8
405 232
387 789
923 871
341 746
802 876
270 511
247 361
497 996
7 245
599 895
799 121
641 91
842 716
147 270
590 102
93 598
669 336
132 86
337 975
345 393
492 552
972 738
186 726
785 908
617 213
802 417
161 47
489 618
169 612
631 428
1000 122
482 460
752 715
623 184
96 691
907 631
924 867
327 684
773 379
460 259
632 724
322 316
848 477
643 554
535 520
41 348
635 100
29 419
184 736
435 116
553 313
394 452
406 51
882 254
830 175
958 352
139 840
130 123
948 318
606 310
364 69
948 725
320 35
942 327
709 728
505 474
880 186
184 641
974 724
921 456
795 419
545 664
471 653
487 111
734 180
240 680
679 770
19 926
349 507
173 45
608 882
686 149
266 864
486 143
783 977
932 317
236 994
475 186
495 183
386 393
315 277
43 993
920 332
78 116
159 285
718 4
223 750
189 842
454 576
764 962
780 607
342 296
248 946
741 510
686 593
691 809
104 909
693 379
533 482
574 726
242 39
115 271
41 523
698 985
195 359
739 610
890 762
100 856
985 294
345 135
273 674
773 213
148 544
173 905
13 544
200 745
489 864
588 212
806 359
735 263
277 923
61 820
388 4
470 318
946 538
350 178
988 133
291 672
878 740
477 725
31 79
795 240
99 223
616 435
781 317
32 772
87 870
236 92
273 238
667 442
47 773
62 416
49 583
965 689
126 631
911 575
456 607
737 690
684 863
757 831
580 792
852 229
121 85
504 843
785 228
272 49
164 231
314 724
207 131
391 312
283 723
511 281
776 624
245 365
413 689
591 226
162 352
275 848
420 303
520 629
525 508
880 531
774 549
871 207
694 332
699 38
37 691
888 109
600 720
229 816
474 453
38 706
755 108
385 348
168 860
236 209
889 758
357 392
859 986
754 402
691 773
394 277
749 471
442 816
682 960
673 131
324 613
733 735
954 668
332 88
226 567
778 334
119 160
618 513
343 79
720 49
848 6
223 134
133 170
854 44
268 903
252 374
278 549
423 593
616 241
548 484
47 805
1 949
825 395
826 692
298 269
619 611
912 513
655 459
325 980
108 484
139 656
66 912
160 341
414 165
201 687
911 745
443 742
355 466
49 611
196 982
767 281
398 578
883 820
517 191
204 693
979 265
446 846
235 9
201 905
718 742
26 36
562 434
378 755
896 706
254 390
352 410
101 561
840 447
58 188
767 204
768 905
552 499
93 909
281 3
67 526
283 989
747 144
426 312
358 582
137 988
944 476
217 626
802 982
452 67
54 907
777 652
758 675
693 608
361 15
717 346
220 342
244 684
617 990
842 681
590 11
82 738
673 845
731 243
16 764
401 642
620 13
741 15
539 932
78 334
232 26
15 347
879 152
755 358
612 330
81 299
262 768
191 186
525 830
215 800
697 33
215 95
938 221
319 838
982 2
267 747
744 696
273 874
146 504
60 598
173 977
321 102
269 510
270 41
592 231
422 164
904 163
479 413
284 157
765 980
660 608
773 975
562 530
283 95
31 725
679 405
26 503
135 699
815 181
342 617
863 217
352 745
369 525
540 236
942 296
32 955
911 631
224 403
316 352
294 607
316 483
279 233
446 874
640 455
988 429
808 91
330 259
295 791
28 606
958 206
606 919
3 264
323 743
231 982
162 699
407 694
163 78
4 854
224 96
865 51
597 545
728 688
582 319
340 574
14 827
55 85
194 763
103 361
516 872
702 771
375 553
105 93
162 12
719 784
480 663
107 904
953 344
516 910
422 693
793 263
996 282
101 122
746 353
472 662
617 487
440 500
518 147
955 535
157 41
90 124
437 457
811 52
460 94
815 676
910 648
381 572
274 150
627 316
27 498
284 451
32 428
659 249
308 457
179 348
769 940
511 851
665 825
429 732
756 130
625 13
330 867
922 623
668 31
225 334
288 339
805 402
759 407
296 190
45 541
796 251
890 10
382 934
143 588
19 594
830 652
409 370
624 33
351 377
934 984
887 600
601 375
89 523
642 307
143 866
618 136
560 648
390 533
173 155
174 140
748 273
735 533
685 256
723 181
63 700
853 570
379 891
965 16
805 935
332 659
277 254
870 151
854 776
672 996
361 421
474 716
699 29
131 601
907 232
504 347
89 79
15 991
721 641
976 533
104 720
871 904
285 293
379 566
234 351
396 962
219 33
828 989
834 542
271 871
953 372
480 546
891 448
622 336
370 113
603 101
986 103
414 900
20 379
337 649
47 546
268 781
158 393
432 169
542 275
191 323
618 957
472 831
894 774
916 684
701 402
424 674
695 832
754 316
21 881
743 648
874 969
105 800
991 507
95 133
578 225
248 516
688 865
557 135
179 86
771 378
478 166
709 554
767 356
681 9
886 82
671 610
908 784
153 574
170 913
328 489
1 389
741 891
729 243
36 137
758 954
172 313
634 380
504 409
141 498
348 26
774 538
701 538
906 738
914 359
395 107
399 611
286 211
141 724
915 513
842 717
491 659
202 962
427 939
491 7
124 279
327 914
254 950
972 581
135 267
565 754
930 49
125 187
287 604
881 517
419 556
385 460
149 411
997 103
871 658
485 339
342 420
109 359
132 418
703 981
831 224
228 11
233 667
986 123
185 126
517 785
668 387
673 817
264 969
212 519
322 67
787 503
402 780
354 336
282 757
377 561
655 52
173 266
899 638
553 743
346 623
863 454
79 631
598 145
679 496
592 282
97 924
848 948
647 854
544 93
206 393
801 610
395 539
53 992
737 620
113 394
924 360
865 256
460 776
980 55
247 752
505 401
268 834
292 81
945 313
476 186
141 290
409 68
975 144
883 450
621 647
274 965
286 301
859 637
400 656
257 57
367 322
278 721
949 612
381 98
189 943
408 42
372 283
104 665
31 392
716 896
846 7
977 436
137 701
393 779
287 675
146 565
453 695
384 962
927 979
312 292
114 208
684 196
725 912
963 780
214 159
930 196
751 108
113 776
260 339
479 873
579 55
333 660
652 988
155 732
281 777
268 981
216 478
770 30
274 194
848 227
759 471
318 139
636 130
721 564
649 103
208 721
817 937
456 811
471 872
773 974
44 978
528 911
529 346
164 459
402 320
477 796
385 949
563 717
711 7
577 487
196 971
982 574
87 926
1 547
398 607
362 576
192 178
376 335
589 629
672 793
422 1
59 322
154 114
546 816
220 672
818 914
601 162
283 523
766 350
555 819
131 751
407 618
202 632
563 752
953 524
382 470
310 403
543 132
132 919
559 612
837 386
489 44
479 859
668 912
558 292
493 748
431 874
876 831
93 547
243 202
190 455
561 209
138 98
569 702
508 254
971 766
272 740
185 197
24 69
674 3
39 183
565 919
405 569
752 894
743 506
474 220
226 525
7 554
13 681
51 586
984 260
455 212
616 44
859 336
1000 282
347 939
730 175
538 842
578 107
266 108
894 689
4 225
819 156
493 613
698 33
691 470
970 163
348 755
539 154
30 587
106 941
253 586
862 508
95 471
226 258
689 922
139 441
446 775
288 673
808 56
1 521
701 787
117 220
444 316
672 519
512 812
505 314
517 326
785 280
434 710
442 608
650 918
24 2
870 773
23 29
489 238
310 460
186 214
224 13
489 213
126 100
71 797
645 990
764 789
71 282
376 807
267 136
254 776
423 261
776 914
211 599
50 747
90 908
785 868
955 340
759 938
63 883
524 455
726 761
161 239
20 38
812 458
815 869
502 544
252 31
94 750
280 378
389 56
138 888
176 443
252 398
199 401
536 171
816 747
74 973
553 786
929 957
514 965
414 679
809 647
402 87
596 697
869 715
899 68
599 310
17 935
450 843
472 175
363 523
948 757
84 260
951 726
308 716
420 774
540 55
834 276
485 980
18 809
180 466
925 114
812 274
577 431
789 696
766 549
822 971
257 897
701 966
1000 833
430 164
514 299
550 693
263 329
260 700
301 457
737 357
628 300
97 428
482 766
694 467
785 405
126 49
129 489
646 598
244 420
414 410
831 559
512 709
309 273
917 82
632 116
615 694
872 675
923 801
319 360
935 243
452 929
437 253
537 167
665 410
869 218
10 97
626 961
94 827
310 788
369 360
285 831
868 774
669 339
636 298
978 43
775 331
377 982
564 430
578 393
668 412
799 173
782 396
195 722
267 705
623 242
324 800
441 694
208 871
497 441
778 735
229 575
322 243
217 991
237 484
311 893
496 162
417 237
799 984
708 675
801 263
105 882
91 675
682 2
302 467
486 604
565 343
700 738
256 779
482 239
28 295
198 243
900 371
739 429
961 891
945 401
122 425
250 226
75 981
331 431
443 873
705 382
502 436
253 626
842 49
880 196
53 950
757 130
26 34
62 700
46 33
56 435
55 173
774 741
6 627
391 175
965 70
235 297
1 273
438 206
462 192
117 914
799 49
37 708
24 733
909 528
768 684
975 307
98 837
229 445
450 442
162 486
349 628
506 85
745 151
104 809
211 527
584 19
729 974
489 337
574 217
522 297
100 317
392 462
106 696
193 798
91 757
884 413
7 944
377 769
319 98
447 185
608 471
354 531
650 196
800 118
726 315
713 700
18 282
222 506
422 504
99 349
652 989
635 895
963 804
195 718
694 692
933 964
551 21
937 385
241 60
574 974
175 29
75 437
493 862
260 1
834 186
564 87
70 845
236 128
91 655
498 647
283 81
946 435
948 293
967 11
455 311
443 663
838 380
674 757
514 606
201 841
535 308
493 529
576 779
994 22
117 421
778 823
429 809
982 575
718 849
934 946
884 633
101 881
852 31
879 838
614 561
761 99
120 853
358 243
590 574
296 768
898 548
905 874
124 916
675 284
778 795
58 262
249 65
686 124
136 824
522 200
270 915
490 237
509 95
58 489
903 133
563 608
968 496
253 90
327 823
955 218
487 921
474 264
661 36
483 602
803 367
452 327
290 422
545 348
996 260
581 686
518 145
65 543
272 899
440 101
501 644
258 822
565 971
333 338
971 428
649 416
815 535
433 829
531 964
164 699
973 487
669 942
851 951
302 553
342 830
717 994
316 427
518 967
598 111
30 907
550 194
990 773
60 346
995 913
578 155
984 222
805 400
516 69
865 621
166 330
723 635
338 551
36 858
156 852
914 264
477 189
788 829
355 492
943 247
819 445
515 916
364 358
743 298
286 569
785 142
144 18
666 443
895 669
359 178
362 210
839 612
606 881
98 696
689 891
894 140
508 607
254 47
954 353
348 48
45 112
196 492
215 320
415 130
864 94
257 841
745 333
603 699
894 110
751 483
145 811
510 407
141 831
730 95
629 628
595 828
63 882
634 794
765 116
159 431
162 129
401 703
552 521
968 857
822 148
733 583
556 960
629 662
428 595
391 601
199 400
243 628
467 808
229 905
820 236
432 741
79 677
697 95
19 157
137 176
677 566
659 23
844 41
863 351
125 749
976 369
759 414
853 213
138 554
435 36
792 611
853 70
947 897
530 235
625 47
678 51
825 477
793 899
904 972
448 472
486 512
761 649
161 997
878 602
936 317
352 548
153 565
212 16
155 256
948 396
161 854
917 955
330 103
956 919
353 206
139 599
554 918
115 628
689 901
961 952
291 225
866 887
704 70
614 505
392 979
541 813
128 814
529 877
932 126
172 315
962 848
338 79
637 553
234 12
589 646
129 488
998 50
685 243
375 717
738 466
441 287
993 858
700 537
559 543
543 122
214 548
141 722
879 306
76 573
718 244
538 870
946 412
493 420
534 730
495 426
285 526
642 635
573 913
940 372
997 101
963 45
734 872
863 524
310 900
169 528
669 195
941 606
467 855
564 431
433 923
158 344
198 677
879 246
668 413
724 867
359 882
432 641
198 564
401 342
114 287
687 528
523 531
360 931
839 309
694 600
237 483
311 892
574 930
354 193
835 402
655 423
734 676
240 216
773 1000
904 25
440 681
728 381
411 59
531 218
188 463
226 118
862 155
240 902
402 493
494 895
446 994
437 868
1 709
311 288
244 965
540 314
926 775
799 543
340 464
931 751
809 207
296 918
150 81
708 165
942 493
232 788
141 306
499 350
743 195
68 457
855 408
996 813
154 343
651 959
973 82
306 597
270 534
571 163
262 296
91 119
253 181
328 116
151 108
718 161
24 333
667 741
863 829
702 757
996 402
428 358
980 715
855 457
713 496
146 563
772 771
220 704
149 332
133 823
850 843
941 672
842 807
77 986
910 512
859 168
950 257
238 23
43 103
165 355
172 897
748 672
216 561
802 264
270 274
274 177
617 287
213 460
214 127
677 637
330 616
627 722
275 233
591 823
540 811
281 952
108 293
329 592
751 701
682 84
298 343
668 135
249 393
400 389
169 200
723 753
117 642
632 922
839 63
126 319
187 572
334 957
62 492
924 479
982 717
195 781
144 777
731 975
744 594
193 508
770 868
679 756
404 666
701 924
852 24
600 49
914 514
233 464
749 624
219 749
182 531
815 293
238 228
300 938
504 245
379 995
969 429
440 861
827 859
165 592
499 314
7 301
961 529
448 972
880 975
112 601
831 640
776 666
707 654
44 476
513 473
798 490
139 91
103 362
395 437
241 689
137 590
313 345
755 952
152 13
379 412
24 71
243 381
523 159
372 543
67 43
507 304
937 689
713 821
498 149
105 269
308 182
493 142
185 518
212 970
181 977
739 987
714 647
465 293
919 564
226 877
237 427
882 800
497 262
407 369
322 427
950 809
511 813
316 205
688 888
840 943
13 875
161 984
145 51
865 620
204 538
776 235
778 857
835 648
16 288
607 148
495 654
956 908
867 315
631 818
961 802
156 708
362 305
895 233
852 60
987 863
589 959
865 191
719 268
847 507
671 681
598 667
340 383
55 148
126 27
183 112
719 34
334 452
585 462
525 293
177 447
654 699
144 320
222 665
813 106
941 437
244 694
231 725
713 174
99 843
360 634
251 516
14 29
699 516
738 858
392 568
409 638
397 825
586 646
272 706
630 947
719 614
452 198
211 951
452 459
897 322
522 113
25 575
252 392
548 685
271 6
742 623
29 240
855 836
385 816
759 488
586 560
462 774
981 798
998 852
398 46
442 998
204 201
441 521
151 946
534 280
502 994
434 322
204 856
756 861
635 4
969 600
18 916
420 768
4 199
544 52
527 821
180 759
531 302
1 847
109 998
347 913
751 376
965 701
340 29
575 533
782 940
649 1000
590 62
727 983
654 347
454 461
956 7
940 636
832 29
732 481
1000 835
106 798
128 660
809 355
231 906
254 505
718 867
408 307
157 648
999 385
235 476
555 893
42 856
79 359
263 28
799 126
527 125
275 562
24 370
498 281
104 942
723 432
210 165
102 927
833 925
760 939
379 471
784 491
471 63
664 177
372 544
12 721
622 384
769 458
807 278
886 446
522 130
778 104
194 883
199 486
881 651
627 328
5 202
858 111
246 694
214 80
952 441
20 393
498 959
817 534
686 962
303 282
506 402
887 40
856 644
651 849
346 618
958 429
541 347
1000 739
326 427
972 377
645 301
334 934
868 442
869 975
835 691
396 474
606 242
933 98
516 30
829 49
787 369
89 678
930 948
295 926
6 338
44 670
230 689
286 743
783 593
951 755
143 822
917 591
351 691
139 451
202 289
809 351
666 496
794 45
62 781
943 908
175 630
424 622
383 755
187 76
118 612
894 197
334 60
874 17
914 932
499 221
206 122
633 462
997 853
436 763
292 615
711 461
480 655
372 405
59 225
691 535
133 822
870 271
764 774
102 741
358 627
892 172
825 894
321 431
690 880
554 686
199 458
860 384
704 956
262 772
488 311
109 473
539 710
869 303
345 195
330 617
938 68
778 753
851 925
708 626
824 15
782 264
826 741
612 150
465 256
143 342
707 257
414 652
248 720
781 496
985 173
469 260
532 550
278 362
905 428
355 357
242 601
574 264
619 865
110 288
801 551
69 707
260 583
357 709
785 160
883 645
899 424
224 262
685 391
706 930
972 885
508 710
776 784
866 828
23 849
874 339
159 182
875 950
72 809
733 12
62 952
145 956
149 28
791 477
395 469
63 634
889 999
124 628
418 15
36 418
185 1000
21 82
780 801
305 391
676 658
665 423
258 535
725 863
656 750
367 478
591 470
940 174
872 268
120 497
547 788
113 856
539 900
703 921
470 20
878 145
792 252
808 375
778 435
962 180
854 398
531 857
882 127
27 502
486 504
928 379
910 319
437 759
170 466
320 491
636 161
268 587
786 136
15 206
114 695
388 444
544 442
619 670
85 22
527 163
360 523
640 589
571 979
308 747
226 76
237 537
800 131
875 441
231 287
257 664
368 133
297 143
62 393
542 865
106 537
586 271
501 111
87 795
140 990
760 782
221 489
849 960
478 488
740 923
504 163
145 749
184 885
404 558
866 849
999 15
185 697
936 159
831 854
62 965
904 508
841 6
272 263
145 527
776 695
889 786
410 413
356 563
585 9
380 643
940 989
381 265
963 388
529 562
915 745
656 699
614 658
487 959
560 167
445 699
483 632
500 570
85 660
195 76
983 191
259 895
271 867
773 429
237 772
760 873
837 534
738 957
280 381
627 367
119 219
13 714
898 988
460 205
118 401
310 976
518 300
901 188
504 660
17 297
535 555
683 892
383 390
754 790
179 45
930 719
218 589
492 92
536 618
667 256
481 277
298 421
523 804
925 584
446 807
416 696
311 425
352 550
174 867
287 225
841 486
112 166
330 101
538 398
867 342
282 192
598 474
947 206
883 716
828 91
64 392
869 508
66 730
235 177
469 681
97 48
554 694
6 549
379 795
197 134
733 116
764 686
429 891
504 268
803 122
291 430
332 514
282 678
775 896
797 584
525 729
107 566
668 987
371 973
727 915
871 936
267 774
962 427
980 800
567 256
721 976
812 425
264 751
318 294
693 346
342 440
255 841
626 847
627 474
938 339
354 522
869 441
265 11
929 124
290 718
313 408
369 79
425 461
116 716
982 251
765 745
786 814
513 750
753 289
39 350
955 817
812 606
389 827
677 552
513 543
644 295
187 820
605 8
484 590
69 696
251 314
549 895
342 983
809 898
459 777
5 653
208 535
932 277
252 960
827 738
221 271
459 742
153 535
979 415
559 683
52 607
912 179
508 844
473 695
668 133
117 224
604 448
897 690
48 144
496 591
692 653
988 228
827 174
274 866
650 941
852 903
597 520
926 694
563 664
110 693
862 612
702 921
922 313
889 970
263 3
362 970
970 525
366 914
917 2
441 313
977 287
480 971
103 465
385 239
879 336
239 241
812 111
524 315
51 807
604 201
491 691
58 165
370 211
741 416
752 967
716 610
403 211
59 565
315 943
375 791
80 407
217 749
808 131
488 870
313 194
387 780
815 655
691 917
213 345
21 610
960 946
725 766
281 781
319 845
454 229
180 5
109 105
40 624
264 120
228 265
463 882
730 215
329 598
203 125
187 848
557 786
891 968
143 337
181 526
809 877
293 68
900 60
351 210
136 385
28 151
50 379
536 674
630 326
577 74
925 560
506 248
112 159
865 439
772 133
757 833
44 748
804 310
611 108
735 798
85 652
977 476
235 232
145 256
995 781
187 397
706 354
135 997
50 866
893 611
380 984
132 598
763 687
128 972
239 454
700 180
166 888
261 672
802 900
713 39
254 129
97 346
853 771
656 449
659 866
306 710
609 487
955 223
149 140
102 932
360 259
881 999
163 800
536 262
134 99
615 414
750 643
988 780
185 201
516 907
591 465
479 939
872 269
229 176
105 354
52 415
803 737
410 12
789 830
684 164
388 889
480 906
816 884
164 960
756 566
649 340
85 322
341 808
472 953
401 387
534 861
958 185
373 583
251 23
843 875
626 121
311 817
705 846
190 918
156 2
686 701
806 204
725 500
339 553
450 658
374 492
835 650
109 913
519 816
425 850
121 758
931 728
911 598
628 566
205 803
296 961
334 697
781 70
378 709
839 976
991 533
44 502
177 211
749 995
222 637
837 64
250 618
550 623
819 675
387 601
228 585
871 984
819 634
332 543
542 958
418 16
572 753
756 86
926 424
875 576
806 834
988 865
256 42
275 758
12 559
902 772
94 835
668 662
502 548
980 892
803 669
846 797
115 277
119 293
600 903
603 120
859 146
74 870
399 127
350 523
655 574
479 173
595 652
318 101
636 480
798 787
103 989
731 476
856 535
88 677
142 902
857 322
463 590
449 20
268 616
506 495
623 440
743 647
401 26
147 714
440 916
297 89
118 35
910 165
956 626
677 498
753 832
484 472
374 49
486 662
583 252
896 990
142 450
387 505
26 347
541 520
214 732
254 285
112 310
308 699
212 738
945 272
988 88
302 119
197 99
272 70
456 291
737 918
199 64
838 244
469 895
533 618
240 601
519 587
595 417
334 439
462 232
407 569
548 41
895 370
163 13
613 715
408 164
851 248
584 132
949 523
116 154
172 84
626 539
629 932
720 656
638 946
155 386
966 901
479 594
171 421
65 698
712 159
589 199
295 124
940 375
155 937
574 423
836 242
777 854
816 828
565 927
214 231
255 985
271 100
368 691
667 674
402 177
891 193
468 630
95 945
223 140
939 215
247 26
123 40
899 613
916 589
791 563
959 873
483 564
194 309
394 851
494 544
406 646
725 428
450 730
770 637
678 82
769 854
299 172
246 112
359 307
362 79
636 575
454 412
580 890
448 197
710 237
236 348
679 674
487 429
655 614
511 315
945 141
305 46
256 915
324 342
183 5
885 155
796 764
102 95
196 400
20 678
737 701
719 996
900 834
899 218
963 462
121 439
83 376
286 161
56 754
552 279
205 303
647 152
747 436
106 308
570 487
698 144
726 571
958 582
499 159
561 168
863 628
106 327
94 904
205 17
831 785
741 485
711 779
512 451
747 670
831 178
870 532
502 620
447 165
547 715
683 339
275 12
540 512
284 326
639 970
582 947
786 896
659 370
454 530
717 152
76 224
661 290
890 572
213 457
165 342
518 346
243 734
373 531
914 478
260 13
152 910
299 545
302 384
515 625
511 778
887 447
69 556
321 519
291 638
457 330
865 581
810 334
630 327
890 240
839 201
678 201
516 252
977 503
26 997
454 504
221 387
245 13
1000 782
819 466
197 426
920 787
608 722
836 631
106 852
639 995
624 360
861 117
609 4
603 546
766 466
158 617
309 691
535 804
367 365
134 470
358 416
529 596
987 304
625 995
510 383
718 128
759 812
137 627
968 67
141 791
845 771
391 851
844 804
306 809
971 757
224 165
76 471
804 64
836 489
506 532
34 959
309 119
935 487
403 238
319 898
964 437
932 811
725 923
414 587
77 664
299 478
925 62
736 299
548 795
904 359
800 840
626 118
147 979
968 326
764 488
530 368
531 57
199 95
920 576
316 857
555 443
737 121
763 452
599 414
602 366
360 525
288 250
986 961
388 333
866 607
839 28
398 994
448 111
179 241
531 388
18 849
21 813
969 187
943 243
141 149
273 293
719 408
111 770
248 315
675 734
400 928
899 390
171 879
956 407
555 711
193 767
50 160
970 785
168 299
791 285
480 13
196 39
569 801
222 525
996 736
300 175
140 768
842 422
444 654
203 479
432 206
520 491
572 754
276 439
828 612
315 667
558 325
135 396
479 656
450 510
140 614
481 721
881 898
812 48
65 733
10 118
951 849
411 614
263 505
637 54
933 725
603 740
650 9
159 713
218 23
904 436
769 10
600 744
856 909
983 268
52 146
270 201
809 633
330 840
196 147
502 886
910 281
677 562
659 27
74 601
807 947
810 85
938 46
96 965
959 884
763 95
806 233
79 411
355 193
786 125
342 572
652 598
869 936
563 341
123 730
127 306
95 272
726 658
123 587
18 693
901 579
844 745
166 453
854 584
306 248
773 339
790 302
595 322
856 150
93 49
224 192
23 810
886 374
734 528
362 50
89 922
964 853
684 523
975 4
153 117
616 901
581 157
849 475
948 972
609 76
223 900
295 174
510 292
871 853
768 884
362 871
715 809
936 554
911 623
51 973
243 300
76 392
560 69
879 28
368 982
510 657
39 229
574 880
707 135
177 612
604 773
364 546
4 723
239 651
351 292
833 557
501 727
962 331
657 767
512 6
161 488
933 602
39 459
938 532
467 712
618 520
844 250
26 841
189 299
543 984
32 490
930 527
859 415
165 258
703 262
877 15
914 27
643 619
645 153
243 995
310 615
13 863
476 607
482 232
853 471
925 554
752 214
30 285
17 610
126 410
363 68
182 664
623 802
277 636
562 142
154 489
192 172
340 476
288 639
697 789
408 628
465 517
466 470
84 985
486 925
342 52
54 753
628 670
701 854
952 488
706 569
619 53
72 816
54 864
71 706
536 231
135 161
763 882
898 786
17 536
306 593
783 993
93 823
223 339
398 431
390 497
314 55
722 88
615 231
414 10
224 808
405 845
814 747
138 72
261 887
704 657
561 824
307 704
561 655
721 50
812 399
617 225
891 398
746 391
750 455
54 462
635 901
569 798
432 722
531 979
596 792
134 449
302 679
817 705
69 888
178 518
43 774
275 935
66 186
963 696
17 358
470 344
126 62
223 112
70 749
551 459
900 62
44 968
868 458
669 743
178 770
494 684
925 343
120 525
913 78
87 807
899 143
313 862
389 721
763 466
69 333
658 794
183 725
240 821
774 920
803 807
639 252
288 667
236 321
330 266
828 29
22 76
266 530
767 24
625 567
279 452
852 506
600 339
429 87
140 910
270 997
805 908
131 725
23 963
747 913
339 278
343 358
883 341
847 182
957 946
906 676
444 747
504 326
253 85
646 674
703 599
996 547
929 510
34 218
769 21
954 27
974 94
945 884
608 82
547 904
60 223
219 75
76 464
612 738
299 51
372 539
690 896
126 690
531 636
440 507
215 876
308 178
898 836
494 157
635 929
526 560
147 101
521 144
246 765
730 6
311 819
645 63
994 755
298 401
687 724
451 68
699 950
47 885
900 131
18 940
476 656
424 491
722 964
754 501
203 377
80 524
770 535
598 322
377 446
620 398
452 552
628 897
442 514
848 513
211 195
981 299
433 333
987 192
666 277
478 495
705 313
135 954
62 750
176 553
925 820
57 95
160 562
74 216
681 304
130 86
261 992
297 575
64 478
931 629
905 536
196 715
396 437
241 998
385 396
362 110
201 164
96 94
850 203
188 934
979 917
750 976
835 680
549 427
901 946
444 655
546 419
818 444
361 63
197 961
71 936
737 729
872 589
708 467
529 704
660 286
552 639
863 881
168 872
775 191
707 797
358 687
768 951
641 191
259 812
314 449
337 992
835 97
29 938
272 853
781 944
275 470
648 604
846 867
578 645
171 89
485 393
513 790
473 337
94 611
628 665
704 999
923 131
730 107
622 181
34 674
143 68
472 774
924 528
455 71
242 400
740 407
756 857
27 245
981 124
431 31
60 379
297 95
106 745
71 149
225 309
403 935
960 440
779 860
45 255
992 521
23 71
634 50
463 140
1 714
339 914
891 577
178 44
269 963
232 883
480 204
163 448
671 760
996 907
502 477
430 174
443 29
734 152
496 550
758 770
809 496
847 72
280 706
136 870
102 177
728 704
569 828
415 220
326 553
771 844
519 730
757 379
150 283
978 120
673 750
589 530
220 475
628 456
665 66
668 935
171 761
832 588
216 909
440 341
573 827
354 807
216 828
587 799
452 388
989 683
683 256
354 37
9 337
375 780
910 553
489 665
952 351
111 246
223 488
960 826
975 921
602 227
656 983
324 621
755 259
649 402
63 712
885 908
651 716
670 312
971 363
369 245
178 573
933 955
271 260
477 623
901 157
613 643
190 940
49 808
584 919
382 692
329 520
610 907
518 670
522 597
514 709
649 814
976 699
914 314
844 703
294 98
338 488
140 310
896 956
566 980
88 848
611 237
984 517
575 910
652 345
546 948
212 160
786 241
410 461
245 472
690 119
31 829
609 141
593 110
813 379
80 897
709 442
698 973
435 737
590 599
444 593
11 926
177 106
750 793
89 870
956 500
44 222
120 140
671 899
12 316
560 772
742 28
814 889
251 595
510 464
607 834
168 657
975 686
318 743
944 50
57 383
43 188
372 512
998 468
466 573
696 546
220 588
574 519
769 347
908 651
423 190
989 849
388 166
906 295
213 471
910 295
669 725
678 771
181 873
920 759
557 766
211 613
670 423
782 285
30 235
976 318
522 742
463 512
32 916
360 531
70 738
71 63
919 269
581 830
156 991
729 11
503 432
394 964
360 334
818 905
627 173
645 269
960 369
139 692
66 972
178 146
931 592
640 899
456 560
792 894
740 540
135 704
249 95
70 31
92 739
454 510
827 624
745 799
122 326
896 823
913 879
284 626
357 594
833 785
70 313
291 188
735 569
956 186
248 255
323 751
34 390
953 676
326 998
239 451
967 353
353 836
561 415
653 327
12 337
939 749
917 434
441 489
617 640
817 70
581 997
159 147
309 290
664 975
96 402
253 270
558 303
224 583
120 279
711 971
893 932
551 610
628 183
81 220
621 986
712 74
911 426
803 277
271 779
882 262
186 369
137 339
319 63
376 607
15 278
271 952
534 630
902 234
315 972
377 807
727 3
108 977
380 90
705 545
958 813
448 218
798 826
298 127
578 320
42 821
501 575
241 260
838 918
489 883
435 452
359 518
750 173
808 596
591 903
463 996
162 997
74 261
311 720
592 330
178 575
359 740
765 865
456 989
218 740
231 59
312 609
758 490
130 309
663 157
296 53
870 579
942 332
448 144
606 89
164 244
993 372
442 498
425 736
749 591
770 244
438 878
205 945
408 429
596 70
889 52
175 581
322 923
162 612
842 194
992 827
978 258
524 954
709 114
31 154
270 966
608 779
129 390
47 563
850 200
228 628
889 790
998 753
215 350
269 610
823 31
547 73
766 95
396 619
737 331
205 501
99 846
353 578
263 213
841 757
702 694
627 745
245 837
543 418
802 248
732 377
863 897
294 388
719 621
850 780
579 470
764 842
67 10
971 608
474 8
50 769
993 764
953 409
105 492
622 203
532 55
436 76
733 754
648 556
975 821
816 738
377 940
449 113
105 637
221 867
539 642
389 195
180 861
109 46
70 409
811 310
669 908
874 942
230 101
69 704
365 341
942 543
448 431
477 515
951 855
971 61
844 261
312 654
683 897
995 947
354 25
284 72
625 178
199 867
827 730
133 311
378 770
183 751
593 813
260 628
192 66
391 418
728 52
816 311
753 679
240 894
519 934
810 550
775 568
550 684
329 56
649 717
634 277
546 883
267 382
585 207
692 693
179 538
37 600
934 734
336 781
818 383
710 817
750 770
418 849
793 907
941 3
600 443
181 446
855 179
720 704
753 820
633 309
154 966
980 590
943 698
531 166
186 471
188 681
119 631
889 524
394 56
196 236
385 427
264 516
673 952
983 95
484 46
458 838
919 951
8 521
209 248
742 802
29 909
581 608
94 717
274 286
405 634
192 838
485 428
380 214
147 47
316 590
479 130
57 798
384 570
762 605
924 188
797 170
670 328
730 255
967 254
551 511
421 150
798 265
455 443
374 346
100 954
654 111
325 881
752 377
202 150
22 981
339 867
499 1000
202 249
592 417
477 929
978 902
363 70
607 235
774 946
97 886
204 686
908 812
526 327
729 377
783 604
240 666
61 388
210 830
16 11
415 413
236 750
475 430
397 154
504 78
323 754
838 215
253 877
748 55
44 328
906 575
135 163
887 830
176 976
197 870
979 541
737 145
167 530
741 633
478 849
204 612
876 700
54 896
71 994
171 740
355 646
534 692
263 140
287 794
436 704
864 139
599 877
447 448
621 607
774 171
744 448
998 469
341 574
487 848
825 897
534 619
4 546
133 834
264 655
726 451
836 263
255 873
850 438
275 17
973 154
210 671
48 693
503 79
329 888
365 106
167 180
133 100
432 495
550 340
530 504
108 652
75 477
293 366
275 239
938 85
706 217
816 569
263 886
359 541
796 919
719 327
221 988
496 197
170 394
925 746
363 375
715 154
436 457
717 584
739 839
766 827
51 50
382 544
526 631
95 197
957 42
579 520
28 258
201 882
403 990
944 806
446 896
729 292
307 378
835 944
801 864
975 452
718 715
866 838
153 785
689 967
586 89
914 592
384 459
404 902
903 476
706 814
410 275
620 872
35 162
328 184
400 869
628 355
361 653
961 644
266 882
486 153
624 506
556 407
719 965
956 409
429 375
90 513
503 3
735 393
827 428
846 504
979 729
825 707
113 625
220 307
537 247
423 494
787 502
626 945
642 906
294 409
646 962
349 962
812 478
638 623
896 602
422 317
977 170
66 331
276 978
657 709
927 733
38 892
686 908
85 239
285 781
913 492
511 757
666 812
713 931
797 140
331 32
151 789
778 609
550 197
273 111
660 525
661 820
957 221
726 794
477 888
933 22
490 741
970 171
734 384
537 964
903 653
990 926
943 252
212 106
378 862
398 515
174 559
900 705
683 723
615 788
84 940
946 3
732 528
434 879
491 866
165 749
794 255
322 920
559 290
746 871
818 344
14 877
936 787
374 991
124 550
859 701
434 544
128 859
736 160
681 609
811 574
64 621
534 326
478 952
138 447
379 449
162 41
698 87
366 825
42 531
116 928
389 270
45 412
764 980
234 471
347 156
792 63
377 849
48 287
348 338
539 600
720 289
171 91
781 798
105 467
768 215
181 910
935 755
669 105
1000 64
348 271
979 752
807 991
92 336
276 613
26 880
616 112
617 473
565 89
731 321
695 810
721 427
830 23
189 373
231 551
504 665
109 190
313 585
541 369
565 379
913 234
416 846
970 493
522 526
445 461
643 302
19 520
459 753
23 464
174 868
777 607
839 146
571 720
274 710
241 454
437 53
123 938
987 689
549 154
718 815
97 75
81 718
763 762
418 767
534 145
391 208
747 174
125 270
343 699
410 965
576 310
873 340
283 888
615 746
537 397
632 13
424 246
120 225
512 733
440 744
889 486
690 612
231 580
313 66
913 979
219 4
572 512
186 327
371 833
138 34
432 971
58 954
781 945
33 73
143 132
523 298
526 639
393 65
212 154
747 776
345 376
73 809
81 342
617 292
241 269
397 650
844 245
256 630
632 679
872 246
411 786
145 295
105 745
587 349
208 750
626 268
40 951
882 866
868 465
601 250
491 888
752 378
952 780
517 476
41 19
813 949
432 721
680 886
610 235
481 421
246 231
838 655
805 34
289 877
903 725
117 122
610 395
306 155
202 472
3 137
995 541
559 388
619 153
163 463
457 238
638 278
729 538
706 918
862 734
849 557
558 55
816 434
46 267
395 49
25 12
447 749
735 570
736 104
58 76
276 507
467 723
985 831
894 425
751 288
389 309
195 122
305 494
253 400
114 185
257 323
835 326
34 744
997 49
36 174
219 401
699 939
690 874
86 867
843 612
402 866
821 101
949 80
164 824
592 947
609 779
482 327
815 635
659 945
730 33
569 101
184 197
994 746
902 953
820 82
916 621
204 783
52 875
436 882
290 800
40 915
956 449
915 424
937 52
939 610
669 661
654 251
468 74
35 617
877 274
456 562
364 235
682 256
757 844
27 989
375 599
142 446
753 669
739 350
917 621
406 226
923 308
907 828
452 868
514 235
932 46
62 979
871 43
619 18
749 907
679 928
757 384
667 952
814 953
721 455
894 235
348 219
955 101
149 38
408 224
651 364
671 97
710 649
418 9
107 615
96 147
295 333
206 88
279 788
980 647
840 50
916 239
167 791
964 250
116 845
100 330
462 369
600 658
968 214
641 80
890 779
727 172
307 545
898 720
243 977
99 643
450 720
780 652
845 498
596 968
246 577
529 322
588 340
497 477
795 594
392 602
787 54
293 257
321 88
359 512
423 531
687 838
47 231
684 841
401 49
649 795
354 115
782 25
697 519
112 33
844 370
154 313
227 325
624 972
400 134
994 50
211 196
268 389
72 542
485 191
71 464
903 541
887 594
411 439
965 996
257 813
404 564
900 593
426 940
922 41
524 805
395 155
567 961
576 444
814 491
780 14
582 134
340 757
180 834
490 166
510 189
96 81
427 667
101 448
194 674
84 754
888 548
953 567
861 454
756 44
386 412
280 903
980 564
50 529
424 858
810 425
52 546
577 800
298 831
604 31
589 333
592 575
220 272
457 738
738 853
711 830
659 611
401 695
480 572
669 326
1000 163
158 213
569 338
882 187
699 979
955 56
636 398
319 930
530 543
103 843
808 901
915 171
494 188
77 876
761 939
522 971
81 361
48 638
838 865
690 882
713 892
471 596
610 640
4 793
668 288
61 581
95 684
146 54
682 132
574 910
781 592
599 457
602 479
625 86
476 704
437 582
375 286
783 311
550 230
913 862
75 194
611 20
47 104
271 42
621 179
388 809
880 499
666 594
860 469
5 548
615 597
407 112
377 121
359 411
568 304
184 569
191 164
374 380
755 510
522 980
770 807
398 540
25 356
28 617
487 423
353 928
600 159
818 234
785 499
16 68
527 655
267 449
344 716
755 682
996 640
392 878
10 421
48 324
713 226
346 509
680 501
371 34
816 245
822 447
483 525
836 15
160 760
803 350
108 885
54 375
185 4
34 720
133 876
726 421
548 633
638 317
94 691
964 592
632 458
155 605
575 861
536 144
773 173
702 285
260 496
52 114
91 924
173 994
655 62
325 351
186 944
22 632
830 131
9 867
925 693
276 373
148 966
783 1000
723 586
596 452
338 596
209 868
247 932
415 744
795 70
550 492
535 408
538 492
757 792
78 820
552 343
446 885
857 690
880 253
912 763
349 22
989 318
480 235
361 696
16 13
932 11
774 722
280 690
656 61
179 632
20 572
681 670
654 895
137 888
279 557
702 471
382 416
534 45
862 622
667 588
392 778
410 479
861 270
755 823
457 600
840 23
76 601
613 270
695 76
869 148
979 684
788 398
868 461
404 407
634 858
963 96
507 920
111 166
367 776
670 121
104 48
401 520
129 569
207 980
632 486
225 912
263 594
748 664
804 597
180 412
132 287
942 776
927 648
56 17
630 527
82 797
726 18
873 574
293 509
842 313
341 481
58 892
972 261
88 65
867 41
316 801
248 727
431 147
952 809
537 893
847 600
460 576
657 180
52 650
628 937
240 986
88 38
630 203
761 264
669 517
451 760
549 127
142 447
779 142
239 889
169 355
491 99
690 135
230 340
841 305
490 417
435 544
844 956
227 898
67 953
303 601
163 490
755 580
700 195
560 630
728 780
288 893
827 192
224 123
701 743
426 747
961 666
504 475
758 619
543 149
304 18
987 311
281 262
972 644
593 131
253 450
824 479
737 413
194 912
30 26
664 240
707 178
120 504
887 763
841 568
570 230
534 629
848 268
21 686
65 534
467 934
319 905
124 55
289 238
570 841
937 714
919 878
591 765
557 573
464 404
565 978
319 879
985 327
415 876
293 256
721 333
851 958
873 538
303 219
485 708
535 540
666 861
556 537
692 233
52 840
880 377
48 1000
950 801
991 95
792 703
170 767
531 767
63 112
307 442
4 696
292 302
847 572
196 109
144 877
273 143
596 355
410 32
88 186
87 948
295 863
421 736
980 113
128 640
6 673
689 993
944 546
512 806
175 582
434 764
848 110
720 953
757 498
443 118
282 312
672 896
415 228
286 433
629 168
561 440
535 109
456 122
917 467
633 286
137 513
874 80
880 916
722 28
832 612
465 767
750 566
162 39
533 20
441 228
557 238
779 188
998 256
911 395
508 20
915 972
592 719
704 733
816 903
747 657
604 830
471 369
523 256
63 91
891 330
780 689
290 677
167 233
545 441
543 594
584 641
860 758
256 620
121 315
375 507
855 973
563 837
928 13
123 499
276 350
531 88
326 308
346 670
4 56
499 864
467 510
549 836
401 28
113 266
511 640
26 387
155 45
89 289
754 533
514 53
212 25
917 962
115 718
222 150
848 737
98 384
429 872
288 158
624 120
963 451
258 112
996 988
714 89
698 578
861 150
365 807
519 560
791 207
98 738
904 561
814 20
671 885
728 853
488 730
106 169
378 594
58 340
535 202
921 210
686 82
905 937
35 124
872 546
106 75
822 269
237 739
1 45
438 26
573 597
922 351
524 191
907 1
780 785
112 839
370 377
208 390
23 741
45 365
357 43
267 831
113 575
685 797
85 689
91 64
271 344
612 678
24 135
869 81
817 510
357 269
753 504
900 12
973 243
812 311
873 807
621 705
384 654
811 105
81 340
501 579
561 578
887 364
564 295
657 643
195 732
638 624
364 829
829 645
781 738
255 315
347 678
114 359
672 191
322 376
674 517
182 960
401 111
420 989
477 668
829 359
134 651
504 550
910 792
734 316
992 715
311 533
9 755
624 902
1 675
899 150
666 695
649 931
688 919
356 877
771 464
791 13
45 747
11 551
18 549
438 954
645 600
81 671
871 432
729 495
989 37
75 557
261 804
500 22
363 983
283 568
429 675
583 397
23 954
232 571
894 205
975 565
167 527
576 276
461 814
306 733
558 518
955 200
357 254
823 650
516 783
958 584
817 312
179 780
55 664
578 551
116 922
730 666
858 343
877 537
289 80
197 679
272 770
185 39
646 116
264 690
195 410
677 770
34 772
310 633
722 409
371 637
483 151
382 814
700 852
342 185
895 162
147 957
424 726
132 175
249 976
85 137
639 726
485 687
899 583
744 169
49 840
553 712
80 406
227 457
433 634
201 742
18 980
700 664
409 497
687 898
835 663
287 496
535 334
386 963
244 947
227 647
210 767
83 375
264 443
840 666
514 455
821 761
109 671
41 815
588 240
193 612
66 746
966 89
12 363
254 351
457 63
128 17
965 927
55 139
240 520
957 747
728 781
984 695
548 24
487 348
788 623
935 968
793 983
97 82
808 943
652 46
233 226
126 119
276 298
502 590
6 887
718 637
637 345
287 874
58 110
99 854
906 816
596 823
968 73
343 67
950 41
439 556
116 847
215 5
452 329
471 511
842 753
901 774
656 629
931 445
573 976
502 578
930 255
968 950
83 237
204 143
384 711
350 534
902 889
823 130
319 793
582 241
492 451
867 675
167 341
686 915
390 948
345 39
915 111
839 738
351 25
227 7
449 1
563 944
899 931
856 324
920 392
680 530
483 103
999 579
568 423
252 912
623 643
330 998
757 957
120 558
338 541
691 35
505 116
583 17
235 943
754 577
41 250
982 432
165 793
24 931
407 844
600 22
504 171
452 715
933 260
793 492
23 796
390 513
200 872
754 946
918 43
520 582
304 209
380 548
495 853
49 99
966 758
236 983
510 306
519 258
813 97
106 487
236 870
920 345
850 998
888 205
34 251
754 940
172 141
138 13
17 852
509 716
630 904
650 416
872 336
764 838
466 513
659 466
661 288
994 991
738 949
872 511
466 656
216 579
238 212
590 361
648 976
722 609
195 739
675 879
357 339
751 798
446 470
590 408
964 693
70 524
759 400
549 899
564 98
217 121
806 227
737 570
511 947
84 271
900 499
79 532
985 736
735 953
517 374
135 759
448 65
382 974
866 43
23 66
151 393
10 879
282 200
585 913
503 666
453 97
148 753
844 630
205 960
357 517
92 342
644 685
922 11
625 365
467 220
379 930
50 894
485 197
435 648
997 582
779 287
452 973
595 23
813 52
851 129
374 830
497 637
328 977
723 296
318 716
980 697
181 348
552 576
111 31
756 288
671 345
730 647
927 995
16 653
898 743
539 983
613 202
560 458
228 168
391 550
345 460
660 29
219 295
369 502
868 920
707 26
927 513
532 215
437 277
259 557
976 41
246 655
281 825
670 317
48 540
156 541
656 859
252 276
803 924
424 763
5 66
946 672
378 366
74 615
332 307
482 384
925 258
13 968
915 276
535 583
95 92
723 735
808 972
361 866
268 666
917 771
809 906
826 808
933 648
725 38
212 463
605 560
221 263
682 299
250 720
995 800
818 987
321 721
88 196
439 353
22 203
169 261
351 533
505 704
926 781
884 671
885 66
408 634
62 683
193 520
602 868
896 735
62 884
642 463
593 438
205 629
499 296
351 715
745 576
687 301
61 837
395 165
755 539
974 827
303 618
559 339
676 897
926 562
296 589
907 223
836 847
932 378
585 204
133 539
742 17
873 454
86 533
585 346
604 82
898 425
82 324
449 591
376 985
698 10
771 730
591 453
759 615
210 416
274 889
180 376
72 321
789 802
423 36
744 339
708 822
855 33
177 954
988 582
935 73
337 491
150 983
782 452
622 135
159 655
149 934
369 99
320 617
532 377
122 941
621 309
623 283
20 438
424 727
96 788
777 85
670 424
817 852
195 584
532 457
811 370
260 107
249 407
798 763
783 248
622 848
334 792
226 929
248 729
952 811
477 784
630 350
813 918
27 33
9 750
545 940
472 400
515 788
826 959
989 222
795 36
190 574
1000 998
676 481
951 697
588 725
652 378
102 385
49 267
982 933
970 917
473 667
484 985
22 70
506 507
415 125
642 467
754 911
922 67
634 329
763 679
802 557
548 25
951 171
242 542
391 21
927 103
90 666
880 584
908 687
280 942
28 992
215 294
202 959
646 676
483 758
928 857
347 7
590 961
239 29
794 714
266 35
713 410
719 660
165 82
775 230
263 402
101 159
401 601
185 66
828 812
526 651
102 521
381 606
953 69
100 58
229 922
858 74
513 701
933 540
147 107
845 320
901 62
44 898
859 428
276 51
96 816
705 838
833 265
341 369
672 137
484 703
32 40
929 798
859 477
648 226
665 772
468 907
514 791
456 883
221 685
386 642
282 979
763 150
909 342
506 181
731 948
74 401
402 408
117 285
834 439
193 293
767 375
970 215
19 609
520 154
313 892
978 586
581 511
191 871
253 606
658 888
161 816
889 735
18 731
363 147
98 365
121 52
545 682
268 23
966 442
328 506
560 645
135 961
597 758
235 349
201 559
774 664
97 412
261 891
941 137
49 17
214 821
50 810
470 675
487 323
606 783
275 947
314 919
352 206
81 896
375 738
90 638
988 91
832 759
626 751
862 951
24 399
52 395
597 913
620 765
181 327
309 434
793 381
777 576
245 832
72 266
392 433
121 963
774 6
651 841
781 794
51 517
384 676
901 385
8 368
821 458
593 459
686 940
321 136
878 404
860 871
330 726
826 563
294 69
42 226
45 815
485 742
715 201
614 985
393 60
874 826
873 645
176 444
734 326
695 964
984 377
403 572
984 133
435 207
572 404
866 185
496 542
364 593
939 93
70 969
610 178
386 904
95 430
886 431
600 68
127 25
58 624
850 500
914 633
988 362
257 782
81 117
517 21
840 433
732 871
383 705
480 32
867 652
651 459
232 705
477 886
414 375
241 789
633 335
209 415
174 407
585 44
570 344
188 567
468 636
585 254
133 695
188 678
214 418
414 160
200 236
863 851
845 196
356 359
200 379
370 55
564 515
881 641
403 267
831 23
874 187
566 320
968 975
753 335
220 900
294 135
925 511
583 519
33 175
291 792
159 827
164 663
569 149
282 710
450 816
968 685
787 115
330 714
477 617
994 693
242 430
139 928
268 516
302 544
777 282
227 431
965 613
711 129
715 66
681 182
934 160
293 56
611 53
114 583
100 566
429 936
529 506
105 920
787 958
653 525
4 316
269 264
194 466
144 183
313 948
737 191
377 233
567 612
328 419
704 14
334 761
961 913
362 142
33 541
455 907
558 200
941 77
637 593
365 922
131 766
850 250
379 830
201 358
900 842
84 565
50 581
524 144
36 432
719 925
243 76
319 291
486 13
627 242
663 618
280 113
817 318
105 252
299 584
128 37
96 489
703 798
669 410
462 648
746 383
553 282
894 655
318 955
642 594
536 465
20 226
385 571
835 63
160 997
627 385
739 603
704 950
198 764
999 354
117 964
777 203
887 224
928 361
468 658
678 773
271 667
530 996
569 218
457 379
60 475
42 186
544 424
502 32
235 679
108 18
994 456
647 792
526 155
784 534
947 962
889 343
943 118
642 895
434 98
363 136
737 667
174 824
904 798
856 399
896 926
209 908
734 56
537 924
630 121
11 581
84 917
800 462
784 835
306 187
783 703
571 397
843 480
740 888
691 53
802 699
692 763
932 630
92 287
503 531
300 812
301 5
374 581
90 744
54 839
497 730
153 54
137 921
245 728
103 270
859 596
876 526
783 962
842 394
98 906
427 704
444 738
816 999
784 271
380 736
271 627
557 118
6 772
926 406
746 177
530 898
712 993
766 180
785 875
833 851
716 552
757 231
927 954
785 917
238 79
320 680
542 7
617 250
494 164
646 225
939 105
902 895
601 634
947 610
216 536
307 963
659 150
497 465
263 704
378 308
401 267
754 187
666 809
938 50
540 770
504 642
583 860
507 777
725 507
763 56
377 357
201 567
544 35
947 990
285 731
804 637
622 732
421 395
919 156
230 533
764 238
526 401
819 393
927 800
342 758
701 949
919 98
814 140
28 513
797 648
362 183
438 864
735 650
946 780
576 1
280 638
207 45
407 703
25 269
384 428
707 710
245 267
671 803
908 471
233 307
659 939
457 827
757 352
818 292
250 738
932 300
478 786
250 853
306 739
201 399
764 93
358 727
971 824
867 636
702 696
228 807
232 162
198 907
860 316
898 513
746 887
423 30
63 247
781 904
360 6
259 930
556 948
538 603
741 112
621 730
837 941
56 238
367 946
937 436
275 189
556 730
182 874
743 984
776 320
355 281
913 451
215 623
866 485
460 342
902 901
385 857
320 449
308 445
783 130
363 421
770 767
660 703
187 915
333 945
377 257
484 547
51 192
1 811
973 737
749 378
291 574
863 246
442 702
122 422
196 993
454 425
148 780
370 940
477 968
905 611
827 958
874 511
268 52
642 489
861 147
273 394
409 122
31 215
912 111
608 702
625 752
45 55
727 703
339 358
840 257
127 719
194 642
641 321
150 397
546 478
374 624
456 232
448 423
188 679
364 46
214 419
859 954
492 833
988 862
845 195
736 2
137 284
785 972
293 897
275 394
495 303
744 377
212 823
163 870
474 246
863 624
702 438
560 347
319 962
712 358
198 657
768 136
517 771
313 285
856 436
878 454
631 282
816 531
468 750
160 23
489 845
976 329
557 804
887 61
959 912
69 686
325 564
52 924
843 955
739 250
460 457
118 149
601 253
398 819
899 778
226 10
354 881
217 373
348 537
312 543
41 167
500 460
888 621
706 546
853 305
362 380
537 560
899 441
170 871
287 489
486 917
90 823
828 480
137 787
384 751
211 478
213 692
328 130
704 662
629 757
883 836
233 267
733 174
520 751
135 46
550 506
49 169
340 920
180 949
162 392
751 446
431 953
291 372
685 860
242 730
258 663
103 684
480 299
581 923
251 616
858 560
399 506
662 308
223 646
774 274
480 666
941 259
121 815
271 828
533 73
702 624
583 171
465 219
929 308
103 681
253 284
424 812
665 754
498 101
220 654
143 231
935 75
955 649
939 12
480 855
873 768
358 840
381 553
836 760
122 939
713 824
973 502
351 38
501 469
640 61
469 55
821 770
22 146
800 3
307 53
682 491
294 797
652 647
834 318
789 660
340 171
344 46
531 258
182 850
148 998
420 835
424 390
589 955
616 506
454 102
312 571
558 920
406 389
282 159
49 696
398 553
205 821
207 219
1000 887
766 622
235 226
952 762
847 491
278 50
413 729
602 838
236 712
274 813
262 486
598 762
269 742
456 499
755 633
831 692
957 601
814 962
447 703
103 265
417 504
895 317
864 79
556 397
131 618
315 281
559 618
971 910
819 645
37 421
228 957
229 452
746 190
638 96
544 578
342 132
618 500
185 215
974 465
299 43
483 470
75 661
713 617
54 307
57 13
426 186
369 444
560 355
88 548
967 926
357 203
734 959
310 715
26 870
442 157
651 525
85 313
715 558
949 288
790 876
459 28
514 934
341 16
604 883
471 941
900 139
316 850
479 486
616 312
647 223
925 712
965 572
900 425
523 898
598 346
141 59
930 896
40 146
918 349
866 2
995 890
34 200
136 645
600 106
396 79
968 748
830 520
157 918
412 993
326 795
255 131
774 783
6 677
978 362
26 111
392 825
603 891
912 4
533 604
861 63
718 600
165 632
769 138
651 417
491 754
880 999
755 725
150 375
195 50
708 293
600 422
305 254
698 895
805 569
385 166
923 674
504 362
384 122
21 123
205 494
902 284
584 988
447 433
195 168
638 924
589 328
107 591
538 646
85 665
696 626
751 212
313 38
846 248
849 52
25 922
372 583
730 849
802 98
414 868
492 636
988 665
310 949
403 21
24 222
872 482
247 490
978 800
273 513
351 344
480 799
815 585
545 445
963 858
964 545
640 407
200 654
717 855
935 224
350 896
208 379
256 543
41 287
679 393
393 410
236 174
31 441
499 868
99 126
805 470
171 356
290 869
38 734
10 964
178 7
658 184
554 889
64 229
355 422
106 608
468 143
30 41
532 848
370 941
848 741
75 839
176 638
468 254
162 929
715 279
221 450
849 793
810 545
683 516
545 692
984 340
16 38
783 758
371 410
188 892
463 426
639 13
839 575
736 356
847 80
678 940
27 599
47 501
220 60
244 426
266 820
304 79
663 723
405 207
7 15
103 422
106 956
954 104
438 393
793 174
595 886
104 827
470 798
586 607
128 91
935 320
37 901
441 4
295 225
711 793
270 481
181 202
481 29
518 187
811 847
205 244
243 257
172 771
1000 132
817 498
251 794
237 803
854 894
701 915
226 596
45 310
748 689
238 247
55 634
734 631
327 455
19 110
410 124
898 951
114 272
164 956
298 219
905 113
209 556
726 11
543 963
964 660
894 813
806 179
274 96
95 968
186 884
958 462
1000 320
798 535
825 411
493 765
528 914
321 948
881 345
322 487
565 345
537 868
424 427
529 157
706 257
13 167
843 152
169 505
390 787
430 496
752 94
735 815
904 755
835 989
31 916
586 477
295 867
991 710
796 976
304 446
69 964
43 257
453 211
609 133
383 278
268 168
970 862
205 707
90 675
577 592
905 969
949 708
913 566
538 941
41 755
943 758
305 262
803 826
254 227
974 216
372 362
559 966
345 738
751 302
718 221
51 403
703 651
150 537
320 928
581 811
603 367
380 956
608 135
480 522
474 608
802 59
180 379
825 906
94 769
332 142
519 250
336 73
437 642
780 742
255 790
327 645
826 292
294 342
151 699
741 183
119 231
446 109
911 237
313 312
242 238
138 949
765 642
87 506
147 961
648 890
213 64
783 84
472 198
678 906
94 349
131 469
4 109
351 182
816 336
924 14
283 190
302 398
88 790
382 728
616 364
53 585
717 722
39 554
540 77
686 175
264 464
619 972
123 669
625 371
35 52
783 520
516 373
248 850
871 323
139 394
676 371
10 693
827 854
55 388
634 340
747 223
841 22
608 871
951 457
832 895
780 842
120 65
27 543
581 92
589 571
693 690
451 315
694 405
864 64
572 881
850 111
978 56
101 295
28 995
825 603
703 606
23 696
747 394
242 846
975 650
263 382
113 763
465 809
251 853
858 311
463 696
105 504
217 726
164 971
384 731
132 361
207 951
377 920
708 932
251 947
124 163
463 132
113 950
792 375
514 695
859 417
843 868
846 5
683 255
905 137
514 867
180 147
999 750
530 249
605 851
75 220
316 194
8 147
360 646
913 144
37 104
114 909
415 687
352 645
350 368
401 758
780 343
31 991
162 922
144 241
640 790
329 187
274 620
3 182
944 584
505 346
876 319
950 472
283 631
656 235
16 74
144 415
474 954
810 876
336 951
172 325
463 326
999 400
537 265
107 859
940 834
766 500
769 174
145 916
367 395
889 911
945 941
107 582
608 97
326 740
498 377
499 176
779 34
138 422
746 147
285 309
76 445
312 397
720 506
920 204
208 302
120 426
328 663
517 523
42 371
612 655
467 984
323 156
507 491
474 16
368 563
555 345
315 992
467 841
263 512
124 80
772 750
185 460
938 242
242 167
65 870
224 535
636 507
555 7
263 806
307 846
473 122
242 393
192 670
890 493
104 442
948 205
381 818
810 234
518 683
322 786
193 228
658 38
592 302
155 32
838 295
415 754
933 113
317 657
791 887
638 755
389 655
469 433
677 124
683 477
272 184
339 28
508 828
127 26
199 633
226 502
741 794
723 771
656 830
892 870
509 326
352 399
904 566
192 376
874 268
395 189
736 357
735 633
577 587
689 145
624 426
698 929
917 385
820 561
524 37
380 699
825 546
823 123
625 976
521 825
439 882
334 92
962 669
379 629
470 940
855 622
242 775
902 505
159 480
755 127
257 376
578 988
689 349
311 110
824 452
660 170
720 373
385 476
850 284
752 806
968 867
109 343
455 131
721 93
963 936
947 559
929 8
38 812
773 151
332 73
498 801
171 205
160 186
237 17
347 524
114 273
460 229
137 866
730 199
660 750
648 814
796 510
355 150
636 253
657 928
360 544
304 883
396 709
457 347
588 31
923 3
62 589
815 17
875 266
313 527
247 912
562 464
178 457
823 411
628 625
334 764
36 78
555 950
774 724
847 390
512 995
571 320
241 933
535 229
462 211
966 675
625 867
421 790
135 40
225 459
733 221
737 282
920 358
404 191
850 27
872 639
358 258
750 512
271 649
879 356
606 400
779 106
323 54
31 265
751 158
915 333
759 611
996 279
284 699
485 278
822 191
660 78
823 658
404 268
958 943
191 68
894 541
163 767
682 917
475 689
702 336
445 985
798 967
826 797
160 855
470 116
364 655
661 469
989 936
852 660
445 842
801 210
144 699
971 270
648 891
612 52
924 152
302 540
503 357
895 679
193 51
108 426
805 284
334 796
99 185
781 483
70 874
131 242
317 195
212 495
567 679
648 439
813 547
127 77
187 296
773 609
425 755
945 452
447 23
43 336
947 274
474 820
645 679
353 113
140 49
583 479
514 226
628 708
871 32
84 886
819 765
628 363
140 791
344 650
384 225
421 286
556 399
576 373
637 340
529 577
860 53
642 864
686 361
125 17
287 742
663 814
126 380
566 114
34 67
437 6
834 698
711 736
512 442
876 973
224 556
794 1000
445 908
226 652
544 745
569 138
518 317
670 392
136 529
412 319
218 634
757 535
114 571
196 602
545 979
325 923
420 865
847 570
98 7
467 198
287 467
878 568
836 696
948 558
291 869
728 976
178 401
269 806
183 928
617 188
120 891
435 691
112 484
814 109
317 683
705 746
514 121
680 369
845 617
628 335
406 161
650 617
689 197
46 330
267 43
505 548
396 653
552 331
576 337
335 936
780 875
486 268
822 426
591 155
79 439
725 642
971 829
698 95
827 305
495 423
997 993
85 679
768 897
13 518
418 262
517 522
419 54
683 286
556 32
171 450
284 739
570 132
116 590
358 903
752 650
74 874
309 193
773 178
740 187
936 817
748 734
950 586
113 81
134 391
30 564
56 463
113 34
60 559
449 224
593 745
649 175
616 278
174 658
967 51
471 800
352 580
297 69
575 702
819 200
344 232
193 101
592 446
482 842
92 525
697 917
719 464
22 800
739 270
957 475
925 893
107 72
818 621
74 672
875 79
969 390
864 104
595 316
465 679
852 469
591 307
13 325
269 731
880 950
650 954
98 623
814 905
736 213
42 842
735 240
832 696
7 504
979 955
20 773
828 684
814 875
746 101
239 224
556 230
244 330
729 962
789 920
404 506
703 742
851 595
158 49
343 247
346 137
475 807
385 467
831 130
265 165
897 440
845 34
522 7
694 777
237 178
521 325
425 312
935 745
941 992
229 990
124 228
677 586
604 574
976 445
707 319
933 929
40 528
152 958
563 412
817 956
506 23
135 481
398 135
166 163
761 539
652 670
389 960
821 973
437 980
832 314
688 830
338 562
203 315
282 134
636 563
286 838
69 350
109 589
233 934
840 755
793 675
741 829
615 852
107 453
92 311
561 280
357 949
743 395
196 373
268 170
79 216
201 797
571 176
96 16
704 351
337 346
799 64
802 996
497 858
313 33
237 705
127 637
771 547
955 206
263 135
594 694
827 885
744 442
228 875
262 922
232 933
681 835
794 610
907 257
506 516
287 547
523 241
581 587
584 481
897 547
119 225
122 583
71 448
587 531
604 915
753 367
844 130
510 922
631 330
299 383
90 158
661 581
631 251
152 619
786 150
471 906
863 388
902 576
134 734
891 967
655 392
658 476
645 226
353 436
647 788
959 518
658 111
273 11
204 997
972 877
856 396
586 285
770 297
53 760
776 333
959 740
784 808
804 315
108 216
577 359
830 531
743 310
891 515
303 753
931 696
658 928
553 142
3 237
685 505
192 306
780 403
268 255
605 162
36 99
55 129
918 1
999 110
822 685
475 306
276 321
447 998
760 164
504 482
380 653
861 506
609 385
883 350
761 58
121 607
33 717
215 317
841 886
223 854
116 806
832 543
318 574
64 905
926 441
125 16
436 685
484 145
158 86
570 126
424 892
612 661
650 438
328 155
711 739
158 225
142 746
466 372
826 343
864 317
361 303
7 900
102 514
945 249
668 421
940 450
389 68
686 810
268 795
693 22
271 160
955 775
649 464
542 293
896 497
126 946
17 686
368 326
333 568
126 797
108 376
863 504
212 302
964 893
490 968
865 524
623 383
430 332
475 917
365 393
744 558
598 345
47 461
639 423
970 208
628 916
295 967
95 433
376 209
887 693
727 960
139 603
785 237
490 381
91 637
776 882
577 323
11 613
339 112
568 634
515 21
762 304
230 506
712 581
953 861
310 290
2 19
365 973
941 132
335 149
862 670
774 556
187 130
225 331
279 594
85 979
225 444
914 847
645 973
975 330
372 317
339 428
766 69
864 221
77 288
974 22
150 596
561 147
86 598
480 276
517 760
976 918
798 211
746 288
16 679
132 553
149 405
82 664
553 829
830 339
78 404
255 808
627 381
295 353
336 162
612 145
704 526
916 719
333 587
688 422
605 915
307 848
293 301
314 167
341 49
899 901
938 933
443 513
523 709
801 507
937 235
169 113
498 767
264 283
304 728
674 730
154 181
365 621
113 412
278 300
80 739
339 814
840 841
503 739
17 214
19 640
404 754
810 413
176 625
275 498
288 623
606 35
663 40
280 559
151 500
322 834
514 312
900 367
455 930
888 307
780 91
230 486
984 710
163 427
934 724
993 136
296 712
79 199
546 850
451 356
328 249
167 608
719 23
262 316
102 63
211 898
852 740
641 325
275 579
702 894
439 844
150 385
372 273
889 937
907 6
531 611
905 602
197 938
716 910
477 970
116 798
577 772
708 58
270 629
273 333
950 491
823 795
59 694
797 380
279 965
798 207
343 970
51 838
521 746
696 529
141 932
826 156
664 272
846 219
405 543
579 444
690 895
259 898
425 430
134 326
712 362
566 325
882 38
539 715
830 478
833 426
797 15
377 598
892 115
108 674
844 238
630 571
309 156
144 736
363 500
369 452
754 918
960 578
891 58
30 928
660 607
62 273
156 974
160 265
198 337
736 872
826 818
739 79
705 35
523 894
49 519
759 654
772 151
944 820
981 263
641 884
515 847
292 850
357 544
465 992
715 739
912 161
770 771
218 964
420 408
685 404
559 399
83 446
250 469
452 884
641 618
827 847
754 869
24 528
867 606
10 623
619 33
267 404
533 913
573 400
261 702
552 802
317 722
72 139
263 113
504 310
582 337
699 304
457 576
497 531
153 383
138 493
980 628
341 738
163 818
992 330
884 200
423 508
885 561
963 219
603 352
585 301
657 619
471 464
310 854
529 830
779 253
138 207
404 270
273 360
264 697
492 370
950 273
954 732
422 414
868 954
320 752
427 308
375 154
450 79
17 560
588 297
860 518
475 544
630 660
901 452
705 707
133 106
846 629
799 262
160 216
53 259
721 345
816 563
51 286
968 718
372 964
19 252
622 858
808 498
751 764
826 871
991 99
739 26
723 641
601 221
965 580
820 377
182 854
697 754
278 357
925 514
13 200
990 56
972 483
921 599
577 501
959 743
197 268
17 158
89 859
903 560
409 276
357 758
999 139
316 45
611 899
288 774
587 305
718 576
495 969
267 432
72 856
864 468
385 45
776 650
137 924
447 699
241 720
233 62
334 107
651 359
375 645
710 646
127 528
681 924
996 471
427 852
267 239
55 324
662 468
390 235
284 618
532 600
717 508
114 147
423 113
266 444
786 567
500 685
422 299
59 623
940 300
453 566
629 666
664 406
976 88
171 134
368 120
711 512
103 943
56 70
274 133
971 885
440 229
403 475
479 204
23 370
677 513
687 964
41 295
596 695
749 111
763 321
122 173
51 235
714 617
951 836
458 171
943 416
50 273
684 104
889 374
289 694
715 414
628 917
663 150
690 208
305 822
309 806
370 788
424 132
852 76
306 344
143 895
717 469
776 584
870 856
486 81
861 59
149 879
442 219
650 900
945 192
413 554
604 323
54 804
385 9
873 358
193 788
984 521
848 353
641 376
241 764
186 87
943 217
978 27
24 163
853 809
253 13
932 696
646 890
171 294
769 77
526 750
315 519
228 812
471 408
238 509
650 68
229 198
85 624
549 29
384 779
775 337
599 13
195 347
267 582
812 382
454 708
280 507
237 93
184 23
410 372
726 586
786 844
874 917
732 563
14 78
434 842
563 913
104 460
126 649
557 499
550 31
256 817
541 504
835 711
433 443
553 410
470 51
121 227
41 78
276 61
463 227
819 123
287 433
911 523
827 772
802 506
282 211
637 869
308 867
239 697
849 797
423 819
140 100
268 49
896 714
14 565
334 308
435 608
255 163
274 990
978 330
117 142
120 926
417 602
254 489
510 119
862 744
160 489
715 692
914 801
609 95
972 971
54 947
702 895
559 558
543 561
740 127
430 630
949 910
950 121
733 871
1 86
440 754
2 18
651 60
413 193
931 284
796 595
517 731
534 747
152 85
756 959
237 910
879 35
756 350
383 756
302 954
12 848
463 321
994 709
47 610
147 852
394 400
547 682
825 76
888 426
848 91
280 471
209 407
360 773
290 776
255 604
898 639
455 142
437 655
242 345
705 663
946 603
863 418
441 565
9 793
66 218
123 407
584 899
752 485
71 79
56 348
772 114
41 392
939 483
811 307
598 850
364 106
57 630
475 370
631 932
317 188
123 757
182 762
753 798
202 236
311 386
784 718
967 311
736 695
644 874
185 899
903 719
351 530
107 54
913 895
308 839
153 770
568 563
589 887
827 846
154 156
948 774
610 293
956 281
945 905
580 413
893 690
435 794
166 990
770 210
414 468
340 933
120 205
881 795
145 849
884 90
902 329
776 78
836 197
753 990
894 471
788 288
827 266
78 128
741 320
592 348
567 452
237 993
147 265
521 564
797 351
525 976
218 588
342 356
125 876
77 969
302 982
907 656
544 31
678 605
94 660
441 774
5 141
378 427
33 220
655 659
681 183
776 898
151 548
545 121
58 40
610 577
919 547
271 666
815 498
296 408
80 511
448 371
588 927
633 514
596 626
298 477
491 413
653 725
411 22
364 78
402 431
645 369
773 844
867 161
981 169
322 630
641 806
895 791
25 263
277 562
80 684
766 512
378 833
236 295
3 94
280 869
260 567
597 874
709 352
136 294
340 261
141 244
895 117
553 140
22 89
794 238
723 828
581 294
49 413
343 927
958 558
692 705
529 433
935 883
148 551
274 806
793 814
617 594
597 588
563 852
729 636
859 960
896 118
685 153
743 103
835 843
747 352
361 445
197 847
185 911
684 733
63 618
708 349
249 528
124 644
324 70
56 668
474 375
326 764
810 426
152 239
693 592
704 723
889 499
962 627
637 435
360 385
258 162
931 468
525 133
186 261
224 688
501 880
648 358
565 775
569 316
698 408
592 875
96 634
726 506
11 451
450 33
915 153
608 389
76 171
319 769
838 883
765 305
53 245
915 6
311 913
781 721
978 245
496 723
405 263
950 911
169 138
990 519
924 110
304 943
835 605
178 840
288 264
951 839
184 457
350 90
616 332
778 999
658 81
805 398
478 190
745 965
317 228
728 181
356 862
767 380
18 835
611 192
919 11
23 54
210 731
836 699
193 431
974 553
494 951
188 230
301 321
527 631
182 460
221 106
439 471
386 193
315 237
375 101
602 807
805 962
741 964
978 502
542 655
463 322
894 162
951 41
955 42
757 362
906 762
68 129
803 78
254 172
710 941
300 44
410 540
908 307
395 448
993 957
418 741
634 953
485 73
867 639
458 967
383 878
910 350
24 5
919 540
600 888
68 822
622 501
290 472
402 766
518 208
191 343
333 406
561 883
159 558
860 425
829 918
986 115
259 569
42 459
466 25
650 138
890 535
375 93
468 609
730 124
588 370
534 776
518 397
463 686
856 522
604 708
398 63
626 396
947 866
910 410
881 218
645 151
117 728
869 585
251 302
658 34
930 735
809 918
647 862
249 193
321 860
106 730
268 381
765 793
523 933
174 883
583 237
208 52
153 948
481 7
232 923
606 33
737 822
679 687
940 621
888 710
767 118
288 720
988 353
883 589
212 905
810 701
316 294
279 402
14 933
897 727
400 777
148 479
476 60
538 35
850 273
779 279
102 162
898 187
646 581
387 930
484 486
871 250
202 623
353 762
188 718
724 1000
232 486
64 627
556 225
833 876
836 113
195 139
875 541
936 679
849 250
330 875
961 32
466 586
622 401
327 527
733 520
539 943
242 997
371 763
7 953
358 983
860 397
464 454
720 151
632 579
704 976
686 864
582 977
109 117
369 200
796 331
355 13
925 361
57 639
341 98
752 407
345 103
950 964
700 943
141 775
921 942
354 239
680 701
445 4
691 724
185 879
482 11
174 685
503 419
964 951
348 608
100 573
945 834
265 576
909 407
325 848
952 902
537 792
864 857
100 652
818 979
191 855
19 670
482 988
581 432
836 74
636 701
486 828
456 767
827 976
511 347
188 174
706 943
851 581
585 774
931 878
839 905
240 741
727 744
28 758
838 195
117 472
735 601
993 170
297 755
193 802
267 487
573 31
589 600
384 281
497 640
278 741
375 675
176 91
885 643
718 183
244 314
559 973
180 546
716 940
59 871
209 54
300 395
543 473
333 395
968 165
698 18
744 460
103 679
877 528
694 974
590 143
966 844
834 709
581 584
711 649
879 183
631 470
498 833
122 949
85 303
344 359
518 341
296 637
706 45
925 333
160 73
218 499
401 177
863 385
533 711
479 392
407 383
398 870
682 469
919 256
815 211
845 459
527 207
839 973
312 594
649 885
84 190
526 13
736 466
509 512
444 286
921 454
938 556
444 181
373 201
782 725
417 807
913 858
164 84
166 654
334 732
151 318
378 544
179 561
310 325
215 823
40 361
349 481
922 75
301 126
383 646
50 862
774 583
921 145
279 401
34 266
328 51
791 492
499 42
273 687
48 178
546 401
638 27
127 530
724 544
674 333
208 327
483 591
95 121
861 1
768 953
567 299
855 775
578 512
650 437
924 564
963 70
64 334
200 442
823 931
646 73
209 316
357 332
898 854
95 728
320 734
627 294
997 471
954 609
497 391
324 825
678 856
420 568
72 535
8 442
85 180
322 262
855 912
414 718
792 538
652 722
322 441
929 647
787 801
735 63
493 704
584 553
8 152
728 263
434 174
863 155
190 627
48 940
663 144
170 519
581 487
726 752
286 669
571 561
554 929
519 945
325 266
652 278
545 674
88 307
454 358
779 669
328 369
757 504
206 374
380 573
831 150
609 458
867 745
617 734
907 142
999 284
76 693
295 405
776 823
289 836
354 177
519 394
10 150
357 61
638 902
345 733
417 248
42 519
370 184
43 354
565 745
604 129
170 281
609 765
132 532
958 920
63 252
176 464
414 878
626 856
272 835
540 552
189 566
775 339
925 98
833 948
12 829
143 37
60 709
869 261
48 617
323 417
720 59
443 653
627 668
688 552
910 411
544 80
553 766
203 53
847 964
722 779
561 200
193 255
182 877
402 357
83 443
109 980
610 219
717 239
188 421
959 680
486 646
876 122
325 780
476 360
576 838
539 74
117 106
253 289
502 444
134 984
121 216
305 929
786 315
896 635
371 362
182 344
989 72
412 506
547 306
231 773
490 129
127 756
607 702
367 325
442 108
280 895
483 856
871 245
709 234
681 585
614 89
76 552
383 956
413 47
210 290
673 986
211 519
711 902
684 831
186 331
33 468
110 234
916 25
989 701
171 34
962 299
125 823
785 610
276 815
467 872
393 77
33 54
548 755
933 587
699 633
721 225
372 839
164 671
716 476
165 418
562 822
781 536
694 559
273 488
167 485
445 3
709 822
265 357
472 516
605 869
731 726
99 128
247 776
861 172
341 323
948 349
308 860
430 157
999 898
302 342
87 324
216 19
71 367
18 889
187 658
830 1000
890 95
467 130
731 869
109 585
790 362
67 825
853 314
680 896
758 201
524 785
727 890
448 836
527 686
876 380
348 933
940 428
758 888
103 141
965 50
487 306
605 203
724 815
728 682
766 422
41 757
408 144
797 906
615 135
230 227
250 805
487 528
562 1
580 189
690 685
840 2
717 324
419 385
390 2
641 64
293 989
320 981
304 310
637 30
769 292
988 680
185 45
848 283
423 223
815 809
137 434
873 888
272 907
886 662
99 736
332 473
725 540
857 396
937 612
61 676
392 175
708 989
497 731
246 275
262 532
655 103
539 502
504 733
730 343
126 884
255 336
203 509
611 456
190 709
947 819
634 154
874 653
490 754
696 313
184 525
866 121
683 597
965 867
468 819
862 501
75 997
314 567
247 675
73 132
304 997
206 488
832 87
545 837
891 451
400 963
629 40
188 802
486 18
841 24
556 501
404 890
245 672
249 677
710 874
345 806
126 125
398 572
58 389
477 461
962 687
173 674
68 62
417 354
827 443
168 748
832 531
944 125
211 590
775 997
552 626
720 532
976 942
357 105
855 510
17 870
414 224
73 546
777 956
426 274
302 897
998 482
176 309
267 974
198 822
197 641
555 371
632 946
43 475
48 767
211 797
786 581
474 169
416 866
764 605
190 165
268 791
345 188
933 515
365 65
242 268
117 928
604 738
182 814
618 962
468 813
613 717
854 233
71 17
769 893
610 837
904 964
892 523
269 238
36 719
280 76
257 750
744 530
122 394
625 273
572 376
297 270
951 660
607 278
600 224
451 622
659 584
296 833
581 280
49 789
50 848
268 159
931 809
606 869
594 917
851 126
250 635
949 661
10 437
623 847
879 8
430 502
755 843
314 15
267 944
335 951
374 859
234 294
933 381
73 764
880 764
578 835
48 375
79 434
335 548
871 950
287 705
673 942
489 715
698 459
29 955
